"datetime","pm_fraction","Al","Si","P","S","Cl","K","Ca","Ti","V","Cr","Mn","Fe","Co","Ni","Cu","Zn","Ga","Ge","As","Se","Br","Sr","Y","Zr","Mo","Pd","Ag","Cd","In","Sn","Sb","Te","Ba","La","Ce","Pt","Hg","Tl","Pb","Bi","Al_Flags","Si_Flags","P_Flags","S_Flags","Cl_Flags","K_Flags","Ca_Flags","Ti_Flags","V_Flags","Cr_Flags","Mn_Flags","Fe_Flags","Co_Flags","Ni_Flags","Cu_Flags","Zn_Flags","Ga_Flags","Ge_Flags","As_Flags","Se_Flags","Br_Flags","Sr_Flags","Y_Flags","Zr_Flags","Mo_Flags","Pd_Flags","Ag_Flags","Cd_Flags","In_Flags","Sn_Flags","Sb_Flags","Te_Flags","Ba_Flags","La_Flags","Ce_Flags","Pt_Flags","Hg_Flags","Tl_Flags","Pb_Flags","Bi_Flags"
"2022-09-01 00:30:00","PM2.5",NA,0,0,465.3904,102.2952,39.2016,35.9522,NA,NA,0,0,28.6004,0,NA,NA,2.9827,0,0,NA,NA,3.5463,0,0,0,0,23.4224,0,0,0,0,0,0,0,0,0,0,0,0,0,0,"E: Uncertainty",NA,NA,NA,NA,NA,NA,"E: Uncertainty","E: Uncertainty",NA,NA,NA,NA,"E: Uncertainty","E: Uncertainty",NA,NA,NA,"E: Uncertainty","E: Uncertainty",NA,NA,NA,NA,NA,NA,NA,NA,NA,NA,NA,NA,NA,NA,NA,NA,NA,NA,NA,NA
"2022-09-01 01:00:00","PM10",NA,178.2481,0,818.1527,2266.3978,206.3166,538.4094,15.4197,1.8273,1.3722,5.1938,455.0931,0,0.5949,11.0323,26.902,0,0,1.408,0.6443,7.9266,2.9186,0,0,NA,19.8584,NA,0.0207,0,0,NA,NA,7.3008,0,0,0,0,0,0.879,0.9811,"E: Uncertainty",NA,NA,NA,NA,NA,NA,NA,NA,NA,NA,NA,NA,NA,NA,NA,NA,NA,NA,NA,NA,NA,NA,NA,"E: Uncertainty",NA,"E: Uncertainty",NA,NA,NA,"E: Uncertainty","E: Uncertainty",NA,NA,NA,NA,NA,NA,NA,NA
"2022-09-01 02:00:00","PM2.5",NA,0,0,554.8647,91.4485,32.0376,35.1265,5.9962,2.0236,NA,0,18.437,0,NA,0.9171,3.3804,0,0,NA,NA,4.8984,NA,0,0,0,11.4284,NA,NA,0,0,NA,NA,0,0,0,0,0,0,0,0,"E: Uncertainty",NA,NA,NA,NA,NA,NA,NA,NA,"E: Uncertainty",NA,NA,NA,"E: Uncertainty",NA,NA,NA,NA,"E: Uncertainty","E: Uncertainty",NA,"E: Uncertainty",NA,NA,NA,NA,"E: Uncertainty","E: Uncertainty",NA,NA,"E: Uncertainty","E: Uncertainty",NA,NA,NA,NA,NA,NA,NA,NA
"2022-09-01 03:00:00","PM10",0,NA,0,539.8936,1330.2022,89.3108,130.5741,17.463,0.8139,NA,1.0754,66.692,0,0.5716,1.4471,7.5485,0,0,0,NA,6.1355,NA,0,0,0,13.8318,NA,NA,0,0,NA,NA,0,0,0,0,0,0,1.0362,0,NA,"E: Uncertainty",NA,NA,NA,NA,NA,NA,NA,"E: Uncertainty",NA,NA,NA,NA,NA,NA,NA,NA,NA,"E: Uncertainty",NA,"E: Uncertainty",NA,NA,NA,NA,"E: Uncertainty","E: Uncertainty",NA,NA,"E: Uncertainty","E: Uncertainty",NA,NA,NA,NA,NA,NA,NA,NA
"2022-09-01 04:00:00","PM2.5",NA,0,0,490.2953,90.2422,48.4855,26.4474,17.977,2.3333,0,0,27.0859,0,NA,1.052,10.1109,0,0,0.5476,NA,4.8291,NA,0,0,0,15.4768,NA,NA,0,0,0,NA,0,0,0,0,0,0,1.3497,0,"E: Uncertainty",NA,NA,NA,NA,NA,NA,NA,NA,NA,NA,NA,NA,"E: Uncertainty",NA,NA,NA,NA,NA,"E: Uncertainty",NA,"E: Uncertainty",NA,NA,NA,NA,"E: Uncertainty","E: Uncertainty",NA,NA,NA,"E: Uncertainty",NA,NA,NA,NA,NA,NA,NA,NA
"2022-09-01 05:00:00","PM10",NA,0,0,459.9108,1477.6196,102.693,157.7651,24.6304,1.9782,NA,0.893,145.1678,0,NA,5.0603,15.4435,0,0,NA,NA,6.0941,NA,0,0,0,15.263,0,0,0,NA,NA,0,0,0,0,0,0,0,1.3808,0,"E: Uncertainty",NA,NA,NA,NA,NA,NA,NA,NA,"E: Uncertainty",NA,NA,NA,"E: Uncertainty",NA,NA,NA,NA,"E: Uncertainty","E: Uncertainty",NA,"E: Uncertainty",NA,NA,NA,NA,NA,NA,NA,"E: Uncertainty","E: Uncertainty",NA,NA,NA,NA,NA,NA,NA,NA,NA
"2022-09-01 06:00:00","PM2.5",NA,0,0,362.9806,205.4452,40.845,48.4674,21.3066,1.2305,NA,NA,83.2146,0,0.5021,2.4213,7.7508,0,0,0.4648,0.4874,3.9018,NA,0,0,0,NA,NA,0,0,NA,NA,NA,0,0,0,0,0,0,7.9667,0,"E: Uncertainty",NA,NA,NA,NA,NA,NA,NA,NA,"E: Uncertainty","E: Uncertainty",NA,NA,NA,NA,NA,NA,NA,NA,NA,NA,"E: Uncertainty",NA,NA,NA,"E: Uncertainty","E: Uncertainty",NA,NA,"E: Uncertainty","E: Uncertainty","E: Uncertainty",NA,NA,NA,NA,NA,NA,NA,NA
"2022-09-01 07:00:00","PM10",NA,354.1661,0,442.2976,1869.498,131.524,521.4719,36.3791,NA,0.8085,3.9541,381.4946,0,0.6183,9.4906,15.8386,0,0,NA,0.4796,5.6246,1.9257,0,0,0,14.3851,NA,NA,0,0,NA,0,7.5809,0,0,0,0,0,3.7392,0,"E: Uncertainty",NA,NA,NA,NA,NA,NA,NA,"E: Uncertainty",NA,NA,NA,NA,NA,NA,NA,NA,NA,"E: Uncertainty",NA,NA,NA,NA,NA,NA,NA,"E: Uncertainty","E: Uncertainty",NA,NA,"E: Uncertainty",NA,NA,NA,NA,NA,NA,NA,NA,NA
"2022-09-01 08:00:00","PM2.5",0,NA,0,363.061,351.3701,54.8803,162.393,17.8064,1.0525,NA,0.935,142.5087,0,NA,3.7297,11.6471,0,0,0,0.5744,3.9336,NA,0,0,0,12.2708,0,NA,0,0,NA,NA,NA,0,0,0,0,0,1.3871,0,NA,"E: Uncertainty",NA,NA,NA,NA,NA,NA,NA,"E: Uncertainty",NA,NA,NA,"E: Uncertainty",NA,NA,NA,NA,NA,NA,NA,"E: Uncertainty",NA,NA,NA,NA,NA,"E: Uncertainty",NA,NA,"E: Uncertainty","E: Uncertainty","E: Uncertainty",NA,NA,NA,NA,NA,NA,NA
"2022-09-01 09:00:00","PM10",0,1155.6922,0,426.9177,1957.628,246.3287,786.9853,29.783,NA,NA,5.9088,370.9855,0,NA,4.0055,10.7637,0,0,0.8798,NA,5.6582,2.4615,0,NA,0,8.9442,0,0,0,0,NA,0,3.5478,0,0,0,0,0,3.3615,0,NA,NA,NA,NA,NA,NA,NA,NA,"E: Uncertainty","E: Uncertainty",NA,NA,NA,"E: Uncertainty",NA,NA,NA,NA,NA,"E: Uncertainty",NA,NA,NA,"E: Uncertainty",NA,NA,NA,NA,NA,NA,"E: Uncertainty",NA,NA,NA,NA,NA,NA,NA,NA,NA
"2022-09-01 10:00:00","PM2.5",NA,NA,0,349.2388,222.7478,68.3159,133.8351,3.0387,NA,NA,NA,126.2421,0,NA,1.8948,7.6751,0,0,0,NA,3.3981,NA,0,0,0,NA,0,0,0,NA,NA,0,0,0,NA,0,0,0,4.5992,0,"E: Uncertainty","E: Uncertainty",NA,NA,NA,NA,NA,NA,"E: Uncertainty","E: Uncertainty","E: Uncertainty",NA,NA,"E: Uncertainty",NA,NA,NA,NA,NA,"E: Uncertainty",NA,"E: Uncertainty",NA,NA,NA,"E: Uncertainty",NA,NA,NA,"E: Uncertainty","E: Uncertainty",NA,NA,NA,"E: Uncertainty",NA,NA,NA,NA,NA
"2022-09-01 11:00:00","PM10",NA,1099.876,0,435.7584,1259.5486,205.9571,619.9634,29.7765,0.9372,NA,6.849,349.8486,0,NA,4.1001,10.4546,0,0,1.6182,NA,5.3118,1.895,0,NA,0,17.7321,NA,NA,0,NA,NA,NA,6.8346,0,0,0,0,0,2.0591,0,"E: Uncertainty",NA,NA,NA,NA,NA,NA,NA,NA,"E: Uncertainty",NA,NA,NA,"E: Uncertainty",NA,NA,NA,NA,NA,"E: Uncertainty",NA,NA,NA,"E: Uncertainty",NA,NA,"E: Uncertainty","E: Uncertainty",NA,"E: Uncertainty","E: Uncertainty","E: Uncertainty",NA,NA,NA,NA,NA,NA,NA,NA
"2022-09-01 12:00:00","PM2.5",NA,NA,0,404.4229,42.4112,83.642,134.1731,3.8799,NA,NA,NA,85.0165,NA,NA,1.7853,7.0733,0,0,0.4484,NA,4.1022,NA,0,0,0,0,11.8299,NA,0,0,NA,0,NA,0,0,0,0,0,3.4923,0,"E: Uncertainty","E: Uncertainty",NA,NA,NA,NA,NA,NA,"E: Uncertainty","E: Uncertainty","E: Uncertainty",NA,"E: Uncertainty","E: Uncertainty",NA,NA,NA,NA,NA,"E: Uncertainty",NA,"E: Uncertainty",NA,NA,NA,NA,NA,"E: Uncertainty",NA,NA,"E: Uncertainty",NA,"E: Uncertainty",NA,NA,NA,NA,NA,NA,NA
"2022-09-01 13:00:00","PM10",NA,1401.2957,0,486.716,908.8693,240.6776,710.4228,38.1051,NA,NA,6.6994,409.7083,0,0.6571,5.0914,12.2551,0,0,0.5775,NA,6.2946,2.3281,0,0,0,17.2661,NA,NA,0,NA,NA,NA,6.3135,0,0,0,0,0,2.127,0,"E: Uncertainty",NA,NA,NA,NA,NA,NA,NA,"E: Uncertainty","E: Uncertainty",NA,NA,NA,NA,NA,NA,NA,NA,NA,"E: Uncertainty",NA,NA,NA,NA,NA,NA,"E: Uncertainty","E: Uncertainty",NA,"E: Uncertainty","E: Uncertainty","E: Uncertainty",NA,NA,NA,NA,NA,NA,NA,NA
"2022-09-01 14:00:00","PM2.5",NA,NA,0,524.3799,0,69.1655,142.8454,6.7863,NA,NA,NA,95.5602,NA,NA,1.8132,4.7209,0,0,0.4156,NA,5.7997,NA,0,0,0,10.4823,0,0,0,0,NA,NA,0,0,0,0,0,0,NA,0,"E: Uncertainty","E: Uncertainty",NA,NA,NA,NA,NA,NA,"E: Uncertainty","E: Uncertainty","E: Uncertainty",NA,"E: Uncertainty","E: Uncertainty",NA,NA,NA,NA,NA,"E: Uncertainty",NA,"E: Uncertainty",NA,NA,NA,NA,NA,NA,NA,NA,"E: Uncertainty","E: Uncertainty",NA,NA,NA,NA,NA,NA,"E: Uncertainty",NA
"2022-09-01 15:00:00","PM10",0,975.6365,0,623.1018,719.8538,308.2495,547.2045,26.1287,0.9714,NA,5.0916,383.5161,0,NA,5.531,17.3659,0,0,0,0,6.8663,NA,0,NA,0,NA,NA,NA,0,NA,NA,0,3.3985,0,0,0,0,0,3.935,0,NA,NA,NA,NA,NA,NA,NA,NA,NA,"E: Uncertainty",NA,NA,NA,"E: Uncertainty",NA,NA,NA,NA,NA,NA,NA,"E: Uncertainty",NA,"E: Uncertainty",NA,"E: Uncertainty","E: Uncertainty","E: Uncertainty",NA,"E: Uncertainty","E: Uncertainty",NA,NA,NA,NA,NA,NA,NA,NA,NA
"2022-09-01 16:00:00","PM2.5",NA,0,0,583.4582,0,497.5096,99.1786,3.7049,0,NA,NA,100.4505,NA,NA,2.615,7.6891,0,0,0,NA,7.6269,NA,0,0,0,NA,NA,NA,0,NA,0,NA,0,0,0,0,0,0,1.0514,0,"E: Uncertainty",NA,NA,NA,NA,NA,NA,NA,NA,"E: Uncertainty","E: Uncertainty",NA,"E: Uncertainty","E: Uncertainty",NA,NA,NA,NA,NA,"E: Uncertainty",NA,"E: Uncertainty",NA,NA,NA,"E: Uncertainty","E: Uncertainty","E: Uncertainty",NA,"E: Uncertainty",NA,"E: Uncertainty",NA,NA,NA,NA,NA,NA,NA,NA
"2022-09-01 17:00:00","PM10",NA,827.6962,0,730.5182,625.9769,360.5626,463.0778,21.1094,NA,0.842,5.5494,378.2373,0,NA,5.7043,9.3111,0,0,0.4098,NA,6.9173,1.8301,0,NA,NA,13.8155,0,NA,0,0,NA,NA,NA,0,0,0,0,0,1.0196,0,"E: Uncertainty",NA,NA,NA,NA,NA,NA,NA,"E: Uncertainty",NA,NA,NA,NA,"E: Uncertainty",NA,NA,NA,NA,NA,"E: Uncertainty",NA,NA,NA,"E: Uncertainty","E: Uncertainty",NA,NA,"E: Uncertainty",NA,NA,"E: Uncertainty","E: Uncertainty","E: Uncertainty",NA,NA,NA,NA,NA,NA,NA
"2022-09-01 18:00:00","PM2.5",NA,NA,0,529.1365,0,72.5134,97.1153,3.4427,NA,NA,0.969,142.3405,0,NA,3.1841,8.1448,0,0,0,NA,4.919,NA,0,0,0,10.8787,0,NA,0,NA,0,NA,NA,0,0,0,0,0,1.5455,0,"E: Uncertainty","E: Uncertainty",NA,NA,NA,NA,NA,NA,"E: Uncertainty","E: Uncertainty",NA,NA,NA,"E: Uncertainty",NA,NA,NA,NA,NA,"E: Uncertainty",NA,"E: Uncertainty",NA,NA,NA,NA,NA,"E: Uncertainty",NA,"E: Uncertainty",NA,"E: Uncertainty","E: Uncertainty",NA,NA,NA,NA,NA,NA,NA
"2022-09-01 19:00:00","PM10",0,1362.7618,0,600.6989,329.7316,223.2999,467.9129,28.1716,1.1697,1.071,6.8778,409.1962,0,0.7568,6.4383,14.7462,0,0,0.5612,NA,5.1212,NA,0,0,0,11.4324,NA,NA,0,NA,NA,NA,NA,0,0,0,0,0,1.6179,0,NA,NA,NA,NA,NA,NA,NA,NA,NA,NA,NA,NA,NA,NA,NA,NA,NA,NA,NA,"E: Uncertainty",NA,"E: Uncertainty",NA,NA,NA,NA,"E: Uncertainty","E: Uncertainty",NA,"E: Uncertainty","E: Uncertainty","E: Uncertainty","E: Uncertainty",NA,NA,NA,NA,NA,NA,NA
"2022-09-01 20:00:00","PM2.5",NA,0,0,516.5616,NA,62.342,58.5129,5.3116,NA,NA,0.8741,97.1685,0,NA,2.5181,10.1012,0,0,0.7455,NA,4.6266,NA,0,0,0,13.9671,NA,NA,0,0,NA,NA,0,0,0,0,0,0,1.4625,0,"E: Uncertainty",NA,NA,NA,"E: Uncertainty",NA,NA,NA,"E: Uncertainty","E: Uncertainty",NA,NA,NA,"E: Uncertainty",NA,NA,NA,NA,NA,"E: Uncertainty",NA,"E: Uncertainty",NA,NA,NA,NA,"E: Uncertainty","E: Uncertainty",NA,NA,"E: Uncertainty","E: Uncertainty",NA,NA,NA,NA,NA,NA,NA,NA
"2022-09-01 21:00:00","PM10",0,464.4917,0,618.4202,611.6866,220.0037,276.3554,21.1166,NA,0.7423,3.1653,335.1506,0,NA,9.8792,17.4103,0,0,0,7e-04,5.363,1.6224,0,0,0,17.9457,0,0,0,NA,NA,0,7.7729,0,0,0,0,0,2.2833,NA,NA,NA,NA,NA,NA,NA,NA,NA,"E: Uncertainty",NA,NA,NA,NA,"E: Uncertainty",NA,NA,NA,NA,NA,NA,NA,NA,NA,NA,NA,NA,NA,NA,NA,"E: Uncertainty","E: Uncertainty",NA,NA,NA,NA,NA,NA,NA,NA,"E: Uncertainty"
"2022-09-01 22:00:00","PM2.5",NA,0,0,802.0052,57.4495,59.7992,48.2346,2.6119,NA,0,NA,103.4387,0,0,4.7481,35.467,0,0,NA,0.7213,4.9581,NA,0,0,0,15.0581,NA,0,0,NA,NA,NA,NA,0,0,0,0,0,4.637,0,"E: Uncertainty",NA,NA,NA,NA,NA,NA,NA,"E: Uncertainty",NA,"E: Uncertainty",NA,NA,NA,NA,NA,NA,NA,"E: Uncertainty",NA,NA,"E: Uncertainty",NA,NA,NA,NA,"E: Uncertainty",NA,NA,"E: Uncertainty","E: Uncertainty","E: Uncertainty","E: Uncertainty",NA,NA,NA,NA,NA,NA,NA
"2022-09-01 23:00:00","PM10",0,475.5484,0,931.5022,913.2709,134.673,212.5007,12.4325,NA,NA,3.1157,268.916,NA,NA,5.9734,19.7314,0,0,1.1733,0.9568,5.1238,NA,0,0,0,NA,NA,NA,NA,NA,NA,NA,NA,0,0,0,0,0,NA,0,NA,NA,NA,NA,NA,NA,NA,NA,"E: Uncertainty","E: Uncertainty",NA,NA,"E: Uncertainty","E: Uncertainty",NA,NA,NA,NA,NA,NA,NA,"E: Uncertainty",NA,NA,NA,"E: Uncertainty","E: Uncertainty","E: Uncertainty","E: Uncertainty","E: Uncertainty","E: Uncertainty","E: Uncertainty","E: Uncertainty",NA,NA,NA,NA,NA,"E: Uncertainty",NA
"2022-09-02 00:30:00","PM2.5",NA,0,0,810.0203,NA,33.233,43.7675,2.4425,NA,0.0167,NA,62.1221,0,0,1.6622,7.7934,NA,0,NA,NA,3.1332,NA,NA,0,0,25.5802,0,0.2061,0,0,0,0,NA,0,0,0,0,0,0,0,"E: Uncertainty",NA,NA,NA,"E: Uncertainty",NA,NA,NA,"E: Uncertainty",NA,"E: Uncertainty",NA,NA,NA,NA,NA,"E: Uncertainty",NA,"E: Uncertainty","E: Uncertainty",NA,"E: Uncertainty","E: Uncertainty",NA,NA,NA,NA,NA,NA,NA,NA,NA,"E: Uncertainty",NA,NA,NA,NA,NA,NA,NA
"2022-09-02 01:00:00","PM10",NA,NA,0,815.3153,805.9517,116.3713,174.8336,9.8676,1.3068,0.6539,2.5057,177.06,0,NA,2.7507,7.1535,0,0,0.381,0.6956,5.1515,1.6474,0,NA,0,11.1751,NA,0,0,0,NA,NA,4.4331,0,0,0,0,0,0.9013,0,"E: Uncertainty","E: Uncertainty",NA,NA,NA,NA,NA,NA,NA,NA,NA,NA,NA,"E: Uncertainty",NA,NA,NA,NA,NA,NA,NA,NA,NA,"E: Uncertainty",NA,NA,"E: Uncertainty",NA,NA,NA,"E: Uncertainty","E: Uncertainty",NA,NA,NA,NA,NA,NA,NA,NA
"2022-09-02 02:00:00","PM2.5",NA,0,0,610.4333,0,69.3017,26.3504,1.4726,1.1663,NA,0,48.871,0,NA,2.2464,6.8002,0,0,0.5878,0.7979,4.3833,NA,0,0,NA,NA,NA,NA,0,0,0,NA,NA,0,0,0,0,0,NA,0,"E: Uncertainty",NA,NA,NA,NA,NA,NA,NA,NA,"E: Uncertainty",NA,NA,NA,"E: Uncertainty",NA,NA,NA,NA,NA,NA,NA,"E: Uncertainty",NA,NA,"E: Uncertainty","E: Uncertainty","E: Uncertainty","E: Uncertainty",NA,NA,NA,"E: Uncertainty","E: Uncertainty",NA,NA,NA,NA,NA,"E: Uncertainty",NA
"2022-09-02 03:00:00","PM10",NA,NA,0,720.376,895.394,159.0682,176.764,8.3716,0.7893,NA,1.5614,164.4447,0,0.5136,3.653,7.9863,0,0,0.4121,0.6696,5.4531,NA,0,0,0,NA,0,0,0,NA,NA,NA,0,0,0,0,0,0,1.1165,0,"E: Uncertainty","E: Uncertainty",NA,NA,NA,NA,NA,NA,NA,"E: Uncertainty",NA,NA,NA,NA,NA,NA,NA,NA,NA,NA,NA,"E: Uncertainty",NA,NA,NA,"E: Uncertainty",NA,NA,NA,"E: Uncertainty","E: Uncertainty","E: Uncertainty",NA,NA,NA,NA,NA,NA,NA,NA
"2022-09-02 04:00:00","PM2.5",NA,0,0,585.5789,NA,48.2129,26.8288,NA,1.0324,NA,0,46.1436,NA,NA,1.427,3.0147,0,0,0.682,0.7928,4.6162,NA,0,0,0,18.4687,NA,NA,0,0,NA,NA,0,0,0,0,0,0,0,0,"E: Uncertainty",NA,NA,NA,"E: Uncertainty",NA,NA,"E: Uncertainty",NA,"E: Uncertainty",NA,NA,"E: Uncertainty","E: Uncertainty",NA,NA,NA,NA,NA,NA,NA,"E: Uncertainty",NA,NA,NA,NA,"E: Uncertainty","E: Uncertainty",NA,NA,"E: Uncertainty","E: Uncertainty",NA,NA,NA,NA,NA,NA,NA,NA
"2022-09-02 05:00:00","PM10",NA,NA,0,721.6531,1152.4438,130.9251,202.0524,9.6165,1.5549,0.6179,1.6618,246.6404,0,NA,6.4221,7.0005,0,0,0.5608,0.7572,6.1661,2.3349,0,NA,0,13.7855,0,NA,0,NA,0,NA,NA,0,0,0,0,0,NA,0,"E: Uncertainty","E: Uncertainty",NA,NA,NA,NA,NA,NA,NA,NA,NA,NA,NA,"E: Uncertainty",NA,NA,NA,NA,NA,NA,NA,NA,NA,"E: Uncertainty",NA,NA,NA,"E: Uncertainty",NA,"E: Uncertainty",NA,"E: Uncertainty","E: Uncertainty",NA,NA,NA,NA,NA,"E: Uncertainty",NA
"2022-09-02 06:00:00","PM2.5",NA,0,0,727.3466,0,50.7168,39.3088,NA,1.1803,NA,0,97.3345,0,NA,2.6039,4.0543,0,0,0.7799,0.6823,5.6138,NA,0,0,0,11.9608,NA,NA,0,0,0,NA,NA,0,0,0,NA,0,2.3437,0,"E: Uncertainty",NA,NA,NA,NA,NA,NA,"E: Uncertainty",NA,"E: Uncertainty",NA,NA,NA,"E: Uncertainty",NA,NA,NA,NA,NA,NA,NA,"E: Uncertainty",NA,NA,NA,NA,"E: Uncertainty","E: Uncertainty",NA,NA,NA,"E: Uncertainty","E: Uncertainty",NA,NA,NA,"E: Uncertainty",NA,NA,NA
"2022-09-02 07:00:00","PM10",NA,374.9365,0,1007.4449,1379.742,201.975,449.6885,17.018,1.6768,1.7596,5.3982,498.5412,0,0.7799,13.8073,21.431,0,0,1.2397,0.6533,8.5324,2.5372,0,NA,0,NA,NA,0,0,0,NA,NA,4.448,0,0,0,0,0,NA,0,"E: Uncertainty",NA,NA,NA,NA,NA,NA,NA,NA,NA,NA,NA,NA,NA,NA,NA,NA,NA,NA,NA,NA,NA,NA,"E: Uncertainty",NA,"E: Uncertainty","E: Uncertainty",NA,NA,NA,"E: Uncertainty","E: Uncertainty",NA,NA,NA,NA,NA,NA,"E: Uncertainty",NA
"2022-09-02 08:00:00","PM2.5",0,NA,0,798.0733,34.3418,64.6151,111.6284,5.9037,1.8284,NA,1.6847,167.5858,NA,1.1197,5.2655,18.1324,0,0,0.8483,0.4552,6.1091,NA,0,0,0,0,NA,0,0,0,0,0,NA,0,0,0,0,0,1.1176,0,NA,"E: Uncertainty",NA,NA,NA,NA,NA,NA,NA,"E: Uncertainty",NA,NA,"E: Uncertainty",NA,NA,NA,NA,NA,NA,NA,NA,"E: Uncertainty",NA,NA,NA,NA,"E: Uncertainty",NA,NA,NA,NA,NA,"E: Uncertainty",NA,NA,NA,NA,NA,NA,NA
"2022-09-02 09:00:00","PM10",NA,710.6848,0,843.414,800.5969,182.4558,464.9633,18.7291,1.1542,0.6757,4.5312,365.3017,0,NA,7.7508,20.3884,0,0,1.0357,NA,6.5667,2.3566,0,0,0,17.1069,0,NA,0,0,NA,NA,12.26,0,0,0,0,0,1.3285,0,"E: Uncertainty",NA,NA,NA,NA,NA,NA,NA,NA,NA,NA,NA,NA,"E: Uncertainty",NA,NA,NA,NA,NA,"E: Uncertainty",NA,NA,NA,NA,NA,NA,NA,"E: Uncertainty",NA,NA,"E: Uncertainty","E: Uncertainty",NA,NA,NA,NA,NA,NA,NA,NA
"2022-09-02 10:00:00","PM2.5",NA,NA,0,642.1778,0,63.0432,105.6326,4.8678,0.8054,NA,0.9571,125.8289,0,NA,3.4403,10.808,0,0,0.3772,NA,5.0156,NA,0,0,0,NA,0,NA,0,NA,NA,NA,NA,0,0,0,0,0,NA,0,"E: Uncertainty","E: Uncertainty",NA,NA,NA,NA,NA,NA,NA,"E: Uncertainty",NA,NA,NA,"E: Uncertainty",NA,NA,NA,NA,NA,"E: Uncertainty",NA,"E: Uncertainty",NA,NA,NA,"E: Uncertainty",NA,"E: Uncertainty",NA,"E: Uncertainty","E: Uncertainty","E: Uncertainty","E: Uncertainty",NA,NA,NA,NA,NA,"E: Uncertainty",NA
"2022-09-02 11:00:00","PM10",0,945.2757,0,817.5927,391.698,190.4188,537.9371,27.2404,2.0709,0.6794,6.6195,493.2815,0,0.6552,11.4491,18.5276,0,0,1.0432,NA,6.0991,1.8426,0,NA,0,10.2716,NA,NA,0,0,0,NA,6.5092,0,0,0,0,0,1.779,0,NA,NA,NA,NA,NA,NA,NA,NA,NA,NA,NA,NA,NA,NA,NA,NA,NA,NA,NA,"E: Uncertainty",NA,NA,NA,"E: Uncertainty",NA,NA,"E: Uncertainty","E: Uncertainty",NA,NA,NA,"E: Uncertainty",NA,NA,NA,NA,NA,NA,NA,NA
"2022-09-02 12:00:00","PM2.5",NA,NA,0,660.3715,0,140.0162,88.1473,7.0335,1.127,NA,0.9976,139.9843,0,0,3.6314,11.3097,0,0,1.0238,NA,4.9758,NA,0,0,0,10.0062,0,0,0,0,NA,0,NA,0,0,0,0,0,1.4964,0,"E: Uncertainty","E: Uncertainty",NA,NA,NA,NA,NA,NA,NA,"E: Uncertainty",NA,NA,NA,NA,NA,NA,NA,NA,NA,"E: Uncertainty",NA,"E: Uncertainty",NA,NA,NA,NA,NA,NA,NA,NA,"E: Uncertainty",NA,"E: Uncertainty",NA,NA,NA,NA,NA,NA,NA
"2022-09-02 13:00:00","PM10",0,1046.4181,0,961.3995,59.092,630.0826,483.6314,26.5547,0.8403,1.138,6.0928,490.1812,0,0.5261,10.2505,22.3069,0,0,1.9152,NA,6.2336,NA,0,NA,NA,12.2712,0.1224,0,0,0.1742,NA,NA,3.8726,0,0,0,0,0,3.126,0,NA,NA,NA,NA,NA,NA,NA,NA,NA,NA,NA,NA,NA,NA,NA,NA,NA,NA,NA,"E: Uncertainty",NA,"E: Uncertainty",NA,"E: Uncertainty","E: Uncertainty",NA,NA,NA,NA,NA,"E: Uncertainty","E: Uncertainty",NA,NA,NA,NA,NA,NA,NA,NA
"2022-09-02 14:00:00","PM2.5",NA,NA,0,735.4826,0,591.5135,86.166,9.2141,NA,NA,1.2443,156.9909,0,0,4.2281,20.0628,NA,0,0.7368,0.4259,4.5749,NA,0,0,0,NA,NA,0,0,NA,0,NA,NA,0,0,0,NA,0,1.7775,0,"E: Uncertainty","E: Uncertainty",NA,NA,NA,NA,NA,NA,"E: Uncertainty","E: Uncertainty",NA,NA,NA,NA,NA,NA,"E: Uncertainty",NA,NA,NA,NA,"E: Uncertainty",NA,NA,NA,"E: Uncertainty","E: Uncertainty",NA,NA,"E: Uncertainty",NA,"E: Uncertainty","E: Uncertainty",NA,NA,NA,"E: Uncertainty",NA,NA,NA
"2022-09-02 15:00:00","PM10",NA,1390.6657,0,854.9363,86.1929,211.5723,702.7142,67.9769,NA,1.9349,8.0009,706.8537,0,0.619,14.7114,46.4951,0,0,1.8414,NA,5.5751,2.2349,0,NA,0,15.3197,NA,NA,0,0,0,0.1049,14.2214,0,0,0,0,0,3.3473,0,"E: Uncertainty",NA,NA,NA,NA,NA,NA,NA,"E: Uncertainty",NA,NA,NA,NA,NA,NA,NA,NA,NA,NA,"E: Uncertainty",NA,NA,NA,"E: Uncertainty",NA,NA,"E: Uncertainty","E: Uncertainty",NA,NA,NA,NA,NA,NA,NA,NA,NA,NA,NA,NA
"2022-09-02 16:00:00","PM2.5",NA,NA,0,680.586,0,110.0991,88.3768,11.077,NA,NA,2.0401,246.3217,0,0,9.098,30.0895,0,0,1.9132,NA,5.1652,NA,0,0,0,NA,NA,NA,0,NA,NA,0,NA,0,0,0,0,0,8.5364,0,"E: Uncertainty","E: Uncertainty",NA,NA,NA,NA,NA,NA,"E: Uncertainty","E: Uncertainty",NA,NA,NA,NA,NA,NA,NA,NA,NA,"E: Uncertainty",NA,"E: Uncertainty",NA,NA,NA,"E: Uncertainty","E: Uncertainty","E: Uncertainty",NA,"E: Uncertainty","E: Uncertainty",NA,"E: Uncertainty",NA,NA,NA,NA,NA,NA,NA
"2022-09-02 17:00:00","PM10",652.9408,1392.2121,0,909.1488,146.9393,246.0686,572.8788,35.0202,NA,2.5205,8.8456,916.6123,0,0.7401,20.9998,64.3126,0,0,1.965,0.8997,7.2502,2.3905,0,NA,0,12.6693,0,NA,0,NA,NA,NA,12.3365,0,0,0,0,0,5.1775,0,NA,NA,NA,NA,NA,NA,NA,NA,"E: Uncertainty",NA,NA,NA,NA,NA,NA,NA,NA,NA,NA,NA,NA,NA,NA,"E: Uncertainty",NA,NA,NA,"E: Uncertainty",NA,"E: Uncertainty","E: Uncertainty","E: Uncertainty",NA,NA,NA,NA,NA,NA,NA,NA
"2022-09-02 18:00:00","PM2.5",NA,2.1787,0,741.1804,0,142.8888,87.773,10.5599,NA,NA,1.49,257.8589,0,NA,7.3616,35.7994,0,0,0.7141,0.6539,6.2954,NA,0,0,0,12.2661,0,NA,0,0,0,NA,3.9546,0,0,0,0,0,0.9201,0,"E: Uncertainty",NA,NA,NA,NA,NA,NA,NA,"E: Uncertainty","E: Uncertainty",NA,NA,NA,"E: Uncertainty",NA,NA,NA,NA,NA,NA,NA,"E: Uncertainty",NA,NA,NA,NA,NA,"E: Uncertainty",NA,NA,NA,"E: Uncertainty",NA,NA,NA,NA,NA,NA,NA,NA
"2022-09-02 19:00:00","PM10",NA,1093.2726,0,927.5739,500.8778,434.9386,612.3542,43.7608,1.1221,2.2422,10.125,932.8563,0,0.6852,20.8965,143.3639,0,0,0.9619,0.4462,7.7903,2.0295,0,3.1077,0,NA,0,NA,0,0,NA,NA,17.0398,0,0,0,0,0,2.6648,0,"E: Uncertainty",NA,NA,NA,NA,NA,NA,NA,NA,NA,NA,NA,NA,NA,NA,NA,NA,NA,NA,NA,NA,NA,NA,NA,NA,"E: Uncertainty",NA,"E: Uncertainty",NA,NA,"E: Uncertainty","E: Uncertainty",NA,NA,NA,NA,NA,NA,NA,NA
"2022-09-02 20:00:00","PM2.5",NA,0,0,929.3815,0,421.5423,76.1037,13.3891,NA,0.6749,2.3643,295.3484,0,NA,9.8156,79.8968,0,0,1.3725,1.0654,8.6554,NA,0,0,0,NA,NA,NA,0,0,NA,NA,4.068,0,0,0,0,0,3.1953,0,"E: Uncertainty",NA,NA,NA,NA,NA,NA,NA,"E: Uncertainty",NA,NA,NA,NA,"E: Uncertainty",NA,NA,NA,NA,NA,NA,NA,"E: Uncertainty",NA,NA,NA,"E: Uncertainty","E: Uncertainty","E: Uncertainty",NA,NA,"E: Uncertainty","E: Uncertainty",NA,NA,NA,NA,NA,NA,NA,NA
"2022-09-02 21:00:00","PM10",1292.244,1108.3462,0,1076.8997,217.1761,593.4185,574.0955,40.6315,NA,3.6559,9.3331,1040.8994,0,0.7453,25.8814,58.8513,0,0,2.5847,1.3242,9.0027,NA,0,NA,NA,0,NA,NA,0,NA,NA,NA,18.179,0,0,0,0,0,4.3284,0,NA,NA,NA,NA,NA,NA,NA,NA,"E: Uncertainty",NA,NA,NA,NA,NA,NA,NA,NA,NA,NA,NA,NA,"E: Uncertainty",NA,"E: Uncertainty","E: Uncertainty",NA,"E: Uncertainty","E: Uncertainty",NA,"E: Uncertainty","E: Uncertainty","E: Uncertainty",NA,NA,NA,NA,NA,NA,NA,NA
"2022-09-02 22:00:00","PM2.5",NA,NA,0,959.4419,0,442.3566,74.6665,12.1692,NA,0.7383,3.8259,448.8357,NA,NA,16.2749,36.2476,0,0,1.959,1.288,9.9784,NA,0,0,0,18.1928,NA,NA,0,NA,NA,NA,6.1848,0,0,0,0,0,6.1418,0,"E: Uncertainty","E: Uncertainty",NA,NA,NA,NA,NA,NA,"E: Uncertainty",NA,NA,NA,"E: Uncertainty","E: Uncertainty",NA,NA,NA,NA,NA,NA,NA,"E: Uncertainty",NA,NA,NA,NA,"E: Uncertainty","E: Uncertainty",NA,"E: Uncertainty","E: Uncertainty","E: Uncertainty",NA,NA,NA,NA,NA,NA,NA,NA
"2022-09-02 23:00:00","PM10",NA,677.8611,0,1144.3245,67.084,611.1902,373.8882,34.3294,0,2.5278,9.0916,890.8273,0,NA,28.4327,36.1876,0,0,3.4648,0.628,12.1514,5.5143,0,NA,0,18.8497,NA,NA,0,NA,NA,NA,23.5694,0,0,0,0,0,6.5749,3.0113,"E: Uncertainty",NA,NA,NA,NA,NA,NA,NA,NA,NA,NA,NA,NA,"E: Uncertainty",NA,NA,NA,NA,NA,NA,NA,NA,NA,"E: Uncertainty",NA,NA,"E: Uncertainty","E: Uncertainty",NA,"E: Uncertainty","E: Uncertainty","E: Uncertainty",NA,NA,NA,NA,NA,NA,NA,NA
"2022-09-03 00:30:00","PM2.5",NA,0,0,1043.2935,0,414.8117,68.7781,8.1719,0,1.3818,1.8925,320.031,0,NA,10.7302,31.8878,0,0,3.6276,NA,12.3063,NA,0,0,0,29.6007,NA,NA,0,0,NA,0,NA,0,0,0,0,0,17.0403,0,"E: Uncertainty",NA,NA,NA,NA,NA,NA,NA,NA,NA,NA,NA,NA,"E: Uncertainty",NA,NA,NA,NA,NA,"E: Uncertainty",NA,"E: Uncertainty",NA,NA,NA,NA,"E: Uncertainty","E: Uncertainty",NA,NA,"E: Uncertainty",NA,"E: Uncertainty",NA,NA,NA,NA,NA,NA,NA
"2022-09-03 01:00:00","PM10",817.5994,481.7861,0,1166.2467,18.5795,443.7338,274.8356,23.8984,NA,2.152,6.877,694.9722,0,NA,18.4559,37.0136,0,0,3.5164,0.8597,10.9886,3.9333,0,NA,0,16.2857,0,NA,0,0,NA,NA,16.924,0,0,0,0,0,15.8296,NA,NA,NA,NA,NA,NA,NA,NA,NA,"E: Uncertainty",NA,NA,NA,NA,"E: Uncertainty",NA,NA,NA,NA,NA,NA,NA,NA,NA,"E: Uncertainty",NA,NA,NA,"E: Uncertainty",NA,NA,"E: Uncertainty","E: Uncertainty",NA,NA,NA,NA,NA,NA,NA,"E: Uncertainty"
"2022-09-03 02:00:00","PM2.5",NA,0,0,825.644,0,269.9771,34.093,5.762,NA,NA,1.8159,208.8039,0,NA,7.1074,25.2144,0,0,2.7855,1.0365,8.0161,NA,0,0,0,NA,NA,NA,0,NA,0,NA,4.875,0,0,0,0,0,12.2334,0,"E: Uncertainty",NA,NA,NA,NA,NA,NA,NA,"E: Uncertainty","E: Uncertainty",NA,NA,NA,"E: Uncertainty",NA,NA,NA,NA,NA,NA,NA,"E: Uncertainty",NA,NA,NA,"E: Uncertainty","E: Uncertainty","E: Uncertainty",NA,"E: Uncertainty",NA,"E: Uncertainty",NA,NA,NA,NA,NA,NA,NA,NA
"2022-09-03 03:00:00","PM10",NA,193.2676,0,938.4717,0,239.3881,178.2624,11.5002,NA,1.1354,4.6383,429.2963,0,NA,10.9431,25.121,0,0,3.6297,1.4635,7.6208,1.7736,0,NA,0,12.2601,0,0,0,0,0,NA,6.8409,0,0,0,0,0,10.0185,0,"E: Uncertainty",NA,NA,NA,NA,NA,NA,NA,"E: Uncertainty",NA,NA,NA,NA,"E: Uncertainty",NA,NA,NA,NA,NA,NA,NA,NA,NA,"E: Uncertainty",NA,NA,NA,NA,NA,NA,NA,"E: Uncertainty",NA,NA,NA,NA,NA,NA,NA,NA
"2022-09-03 04:00:00","PM2.5",888.5632,0,0,872.6331,0,160.3208,55.9362,3.8498,0,NA,1.4522,155.9054,0,0.6088,5.3506,19.3683,0,0,3.7901,1.3437,7.1981,NA,0,0,0,NA,NA,NA,0,0,0,0,NA,0,0,0,0,0,8.8246,0,NA,NA,NA,NA,NA,NA,NA,NA,NA,"E: Uncertainty",NA,NA,NA,NA,NA,NA,NA,NA,NA,NA,NA,"E: Uncertainty",NA,NA,NA,"E: Uncertainty","E: Uncertainty","E: Uncertainty",NA,NA,NA,NA,"E: Uncertainty",NA,NA,NA,NA,NA,NA,NA
"2022-09-03 05:00:00","PM10",NA,NA,0,960.2652,0,188.0423,118.9429,12.0958,NA,1.435,4.6643,364.6002,0,0.5326,9.43,24.179,0,0,4.5966,1.8929,8.9487,NA,0,0,0,10.9954,NA,NA,0,NA,0,NA,3.3943,0,0,0,0,0,10.3489,0,"E: Uncertainty","E: Uncertainty",NA,NA,NA,NA,NA,NA,"E: Uncertainty",NA,NA,NA,NA,NA,NA,NA,NA,NA,NA,NA,NA,"E: Uncertainty",NA,NA,NA,NA,"E: Uncertainty","E: Uncertainty",NA,"E: Uncertainty",NA,"E: Uncertainty",NA,NA,NA,NA,NA,NA,NA,NA
"2022-09-03 06:00:00","PM2.5",NA,0,0,777.7082,0,140.4923,24.8028,3.5018,NA,NA,1.2471,145.1389,0,0.6643,4.6476,17.3343,0,0,3.2143,1.3868,6.8203,0,0,0,0,NA,0,NA,0,NA,0,NA,NA,0,0,0,0,0,8.5381,0,"E: Uncertainty",NA,NA,NA,NA,NA,NA,NA,"E: Uncertainty","E: Uncertainty",NA,NA,NA,NA,NA,NA,NA,NA,NA,NA,NA,NA,NA,NA,NA,"E: Uncertainty",NA,"E: Uncertainty",NA,"E: Uncertainty",NA,"E: Uncertainty","E: Uncertainty",NA,NA,NA,NA,NA,NA,NA
"2022-09-03 07:00:00","PM10",NA,274.6175,0,927.4593,0,266.2719,477.9027,13.5291,0.8342,1.4735,4.0193,388.2453,0,NA,10.0624,29.005,0,0,3.9703,0.9564,6.4861,2.4631,0,NA,0,10.7212,0,0,0,0,NA,0,3.2983,0,0,0,0,0,10.9428,0,"E: Uncertainty",NA,NA,NA,NA,NA,NA,NA,NA,NA,NA,NA,NA,"E: Uncertainty",NA,NA,NA,NA,NA,NA,NA,NA,NA,"E: Uncertainty",NA,NA,NA,NA,NA,NA,"E: Uncertainty",NA,NA,NA,NA,NA,NA,NA,NA,NA
"2022-09-03 08:00:00","PM2.5",NA,0,0,572.0532,0,93.2611,87.7787,2.1149,NA,NA,NA,78.1334,0,NA,2.2928,13.2298,0,0,1.5854,0.6033,4.7052,NA,0,0,0,NA,0,NA,0,0,NA,NA,0,0,0,0,0,0,4.1947,0,"E: Uncertainty",NA,NA,NA,NA,NA,NA,NA,"E: Uncertainty","E: Uncertainty","E: Uncertainty",NA,NA,"E: Uncertainty",NA,NA,NA,NA,NA,NA,NA,"E: Uncertainty",NA,NA,NA,"E: Uncertainty",NA,"E: Uncertainty",NA,NA,"E: Uncertainty","E: Uncertainty",NA,NA,NA,NA,NA,NA,NA,NA
"2022-09-03 09:00:00","PM10",NA,NA,0,541.6158,0,107.4691,230.305,8.4823,0,0.7843,2.1334,153.1,0,NA,4.4128,11.0919,0,0,1.325,NA,3.501,NA,0,0,0,12.8545,NA,0,0,NA,NA,NA,NA,0,0,0,0,0,1.6746,0,"E: Uncertainty","E: Uncertainty",NA,NA,NA,NA,NA,NA,NA,NA,NA,NA,NA,"E: Uncertainty",NA,NA,NA,NA,NA,"E: Uncertainty",NA,"E: Uncertainty",NA,NA,NA,NA,"E: Uncertainty",NA,NA,"E: Uncertainty","E: Uncertainty","E: Uncertainty","E: Uncertainty",NA,NA,NA,NA,NA,NA,NA
"2022-09-03 10:00:00","PM2.5",NA,0,0,577.3751,0,67.5203,41.4473,1.3558,0.7403,NA,NA,56.9129,NA,NA,1.74,6.7755,0,0,0.8519,NA,3.8338,NA,0,0,0,NA,NA,0,0,0.1289,0,0,NA,0,0,0,0,0,0.769,0,"E: Uncertainty",NA,NA,NA,NA,NA,NA,NA,NA,"E: Uncertainty","E: Uncertainty",NA,"E: Uncertainty","E: Uncertainty",NA,NA,NA,NA,NA,"E: Uncertainty",NA,"E: Uncertainty",NA,NA,NA,"E: Uncertainty","E: Uncertainty",NA,NA,NA,NA,NA,"E: Uncertainty",NA,NA,NA,NA,NA,NA,NA
"2022-09-03 11:00:00","PM10",NA,NA,0,616.4022,0,106.4401,186.1057,6.4162,NA,NA,1.7269,140.6284,0,0,3.5303,9.8887,0,0,0,0.473,3.8887,NA,0,0,0,9.5366,NA,0,0,NA,NA,0,NA,0,0,0,0,0,3.3498,0,"E: Uncertainty","E: Uncertainty",NA,NA,NA,NA,NA,NA,"E: Uncertainty","E: Uncertainty",NA,NA,NA,NA,NA,NA,NA,NA,NA,NA,NA,"E: Uncertainty",NA,NA,NA,NA,"E: Uncertainty",NA,NA,"E: Uncertainty","E: Uncertainty",NA,"E: Uncertainty",NA,NA,NA,NA,NA,NA,NA
"2022-09-03 12:00:00","PM2.5",NA,0,NA,518.0146,0,43.4626,35.5508,NA,0.7742,0,NA,47.4348,0,0,1.4026,9.1937,0,0,1.2099,0.5039,3.6684,NA,0,0,0,14.5386,NA,0,0,0,0,0,NA,0,0,0,0,0,1.4203,0,"E: Uncertainty",NA,"E: Uncertainty",NA,NA,NA,NA,"E: Uncertainty",NA,NA,"E: Uncertainty",NA,NA,NA,NA,NA,NA,NA,NA,NA,NA,"E: Uncertainty",NA,NA,NA,NA,"E: Uncertainty",NA,NA,NA,NA,NA,"E: Uncertainty",NA,NA,NA,NA,NA,NA,NA
"2022-09-03 13:00:00","PM10",0,NA,0,649.4833,0,99.1964,169.3983,7.4136,1.158,NA,2.2555,167.5873,0,NA,3.2064,11.79,0,0,1.0035,0.5562,4.4423,NA,0,0,0,13.2077,0,0,0,NA,0,NA,0,0,0,0,0,0,1.8852,0,NA,"E: Uncertainty",NA,NA,NA,NA,NA,NA,NA,"E: Uncertainty",NA,NA,NA,"E: Uncertainty",NA,NA,NA,NA,NA,NA,NA,"E: Uncertainty",NA,NA,NA,NA,NA,NA,NA,"E: Uncertainty",NA,"E: Uncertainty",NA,NA,NA,NA,NA,NA,NA,NA
"2022-09-03 14:00:00","PM2.5",NA,0,0,633.3212,0,50.6734,36.3274,2.4806,1.2588,0,NA,65.1926,NA,0.6782,1.4499,8.3984,0,0,0.8585,NA,6.3619,NA,0,0,0,15.5361,NA,NA,0,NA,NA,0,0,0,0,0,0,0,1.4684,0,"E: Uncertainty",NA,NA,NA,NA,NA,NA,NA,NA,NA,"E: Uncertainty",NA,"E: Uncertainty",NA,NA,NA,NA,NA,NA,"E: Uncertainty",NA,"E: Uncertainty",NA,NA,NA,NA,"E: Uncertainty","E: Uncertainty",NA,"E: Uncertainty","E: Uncertainty",NA,NA,NA,NA,NA,NA,NA,NA,NA
"2022-09-03 15:00:00","PM10",NA,159.1254,0,781.1546,0,107.8418,227.7279,11.7924,2.3031,0.7376,2.677,208.4795,0,NA,4.0992,11.8963,0,0,1.1477,0.7639,5.9951,NA,0,0,0,NA,0,NA,0,NA,NA,0,NA,0,0,0,0,0,1.99,0,"E: Uncertainty",NA,NA,NA,NA,NA,NA,NA,NA,NA,NA,NA,NA,"E: Uncertainty",NA,NA,NA,NA,NA,NA,NA,"E: Uncertainty",NA,NA,NA,"E: Uncertainty",NA,"E: Uncertainty",NA,"E: Uncertainty","E: Uncertainty",NA,"E: Uncertainty",NA,NA,NA,NA,NA,NA,NA
"2022-09-03 16:00:00","PM2.5",NA,1.7538,0,729.7296,0,59.8428,47.785,2.8448,1.7073,NA,NA,84.5839,NA,0.7975,2.049,10.2739,0,0,1.2483,0.6198,6.4809,NA,0,0,0,NA,NA,NA,0,0,0,NA,NA,0,0,0,0,0,2.2548,0,"E: Uncertainty",NA,NA,NA,NA,NA,NA,NA,NA,"E: Uncertainty","E: Uncertainty",NA,"E: Uncertainty",NA,NA,NA,NA,NA,NA,NA,NA,"E: Uncertainty",NA,NA,NA,"E: Uncertainty","E: Uncertainty","E: Uncertainty",NA,NA,NA,"E: Uncertainty","E: Uncertainty",NA,NA,NA,NA,NA,NA,NA
"2022-09-03 17:00:00","PM10",0,444.9545,0,860.9678,0,141.1999,285.3471,11.8833,1.1965,NA,3.5196,243.2945,0,NA,4.0895,11.5318,0,0,0,NA,6.9148,NA,0,0,0,10.1495,0,0,NA,0,0,NA,NA,0,0,0,0,0,4.4886,0,NA,NA,NA,NA,NA,NA,NA,NA,NA,"E: Uncertainty",NA,NA,NA,"E: Uncertainty",NA,NA,NA,NA,NA,"E: Uncertainty",NA,"E: Uncertainty",NA,NA,NA,NA,NA,NA,"E: Uncertainty",NA,NA,"E: Uncertainty","E: Uncertainty",NA,NA,NA,NA,NA,NA,NA
"2022-09-03 18:00:00","PM2.5",NA,0,0,608.791,0,101.692,41.4641,2.643,NA,0,NA,67.8429,0,NA,1.5422,8.6526,0,0,0,NA,5.4023,NA,0,0,0,NA,NA,0,0,0,NA,NA,0,0,0.0099,0,NA,0,3.7967,0,"E: Uncertainty",NA,NA,NA,NA,NA,NA,NA,"E: Uncertainty",NA,"E: Uncertainty",NA,NA,"E: Uncertainty",NA,NA,NA,NA,NA,"E: Uncertainty",NA,"E: Uncertainty",NA,NA,NA,"E: Uncertainty","E: Uncertainty",NA,NA,NA,"E: Uncertainty","E: Uncertainty",NA,NA,NA,NA,"E: Uncertainty",NA,NA,NA
"2022-09-03 19:00:00","PM10",NA,NA,0,713.507,186.7001,170.991,321.9824,8.3568,1.3456,0,1.9571,183.5722,0,NA,3.8858,10.4049,0,0,0,0.4295,5.8475,NA,0,NA,0,9.6214,0.033,0,0,0,NA,NA,NA,0,0,0,0,0,3.7916,0,"E: Uncertainty","E: Uncertainty",NA,NA,NA,NA,NA,NA,NA,NA,NA,NA,NA,"E: Uncertainty",NA,NA,NA,NA,NA,NA,NA,"E: Uncertainty",NA,"E: Uncertainty",NA,NA,NA,NA,NA,NA,"E: Uncertainty","E: Uncertainty","E: Uncertainty",NA,NA,NA,NA,NA,NA,NA
"2022-09-03 20:00:00","PM2.5",NA,0,0,460.5424,0,79.4533,37.9879,NA,NA,0,0,48.2913,0,0,1.6229,5.9557,0,0,0.5432,NA,4.0209,0,0,0,0,15.5534,0,0,0,NA,0,0,0,0,0,0,0,0,1.6813,0,"E: Uncertainty",NA,NA,NA,NA,NA,NA,"E: Uncertainty","E: Uncertainty",NA,NA,NA,NA,NA,NA,NA,NA,NA,NA,"E: Uncertainty",NA,NA,NA,NA,NA,NA,NA,NA,NA,"E: Uncertainty",NA,NA,NA,NA,NA,NA,NA,NA,NA,NA
"2022-09-03 21:00:00","PM10",0,NA,0,502.4362,468.9064,127.4181,287.3762,4.7386,NA,NA,1.2559,191.072,NA,NA,4.0184,20.2638,0,0,1.5288,0,4.3487,1.8137,0,0,0,9.2026,NA,NA,0,NA,0,NA,NA,0,0,0,0,0,3.6782,0,NA,"E: Uncertainty",NA,NA,NA,NA,NA,NA,"E: Uncertainty","E: Uncertainty",NA,NA,"E: Uncertainty","E: Uncertainty",NA,NA,NA,NA,NA,NA,NA,NA,NA,NA,NA,NA,"E: Uncertainty","E: Uncertainty",NA,"E: Uncertainty",NA,"E: Uncertainty","E: Uncertainty",NA,NA,NA,NA,NA,NA,NA
"2022-09-03 22:00:00","PM2.5",705.2494,0,0,477.49,23.5451,53.0227,31.7223,NA,NA,NA,0,48.114,0,NA,1.943,7.8605,0,0,1.0565,NA,4.2966,0,0,0,0,13.6586,NA,0,0,0,0,NA,0,0,0,0,0,0,3.3034,0,NA,NA,NA,NA,NA,NA,NA,"E: Uncertainty","E: Uncertainty","E: Uncertainty",NA,NA,NA,"E: Uncertainty",NA,NA,NA,NA,NA,"E: Uncertainty",NA,NA,NA,NA,NA,NA,"E: Uncertainty",NA,NA,NA,NA,"E: Uncertainty",NA,NA,NA,NA,NA,NA,NA,NA
"2022-09-03 23:00:00","PM10",0,NA,0,515.6932,494.8904,108.2772,275.9716,5.4349,NA,NA,NA,111.8682,NA,NA,2.1724,11.8959,0,0,3.6421,NA,5.0043,NA,0,0,0,NA,0,NA,0,NA,NA,NA,NA,0,NA,0,0,0,5.4486,0,NA,"E: Uncertainty",NA,NA,NA,NA,NA,NA,"E: Uncertainty","E: Uncertainty","E: Uncertainty",NA,"E: Uncertainty","E: Uncertainty",NA,NA,NA,NA,NA,"E: Uncertainty",NA,"E: Uncertainty",NA,NA,NA,"E: Uncertainty",NA,"E: Uncertainty",NA,"E: Uncertainty","E: Uncertainty","E: Uncertainty","E: Uncertainty",NA,"E: Uncertainty",NA,NA,NA,NA,NA
"2022-09-04 00:30:00","PM2.5",NA,0,NA,527.9472,0,62.9352,24.8412,NA,NA,0,0.0149,30.1727,0,NA,1.4324,4.7408,0,0,NA,NA,4.9148,NA,0,0,0,21.0538,NA,NA,0,NA,0,0,0,0,0,0,0,0,0,0,"E: Uncertainty",NA,"E: Uncertainty",NA,NA,NA,NA,"E: Uncertainty","E: Uncertainty",NA,NA,NA,NA,"E: Uncertainty",NA,NA,NA,NA,"E: Uncertainty","E: Uncertainty",NA,"E: Uncertainty",NA,NA,NA,NA,"E: Uncertainty","E: Uncertainty",NA,"E: Uncertainty",NA,NA,NA,NA,NA,NA,NA,NA,NA,NA
"2022-09-04 01:00:00","PM10",NA,NA,0,716.9375,261.6191,125.5833,154.3582,4.5124,NA,0,0.7448,102.442,NA,0.8503,2.8507,7.4593,0,0,0.7121,NA,5.3073,NA,0,0,0,9.8625,NA,NA,0,0,0,NA,NA,0,0,0,0,0,1.5299,0,"E: Uncertainty","E: Uncertainty",NA,NA,NA,NA,NA,NA,"E: Uncertainty",NA,NA,NA,"E: Uncertainty",NA,NA,NA,NA,NA,NA,"E: Uncertainty",NA,"E: Uncertainty",NA,NA,NA,NA,"E: Uncertainty","E: Uncertainty",NA,NA,NA,"E: Uncertainty","E: Uncertainty",NA,NA,NA,NA,NA,NA,NA
"2022-09-04 02:00:00","PM2.5",NA,0,0,565.0905,0,85.3379,22.6021,NA,1.3891,0,NA,34.0068,0,0.499,1.1004,7.7152,0,0,1.1768,0.5012,4.8267,NA,0,0,0,9.5552,NA,NA,0,NA,NA,NA,0,0,0,0,0,0,1.583,0,"E: Uncertainty",NA,NA,NA,NA,NA,NA,"E: Uncertainty",NA,NA,"E: Uncertainty",NA,NA,NA,NA,NA,NA,NA,NA,NA,NA,"E: Uncertainty",NA,NA,NA,NA,"E: Uncertainty","E: Uncertainty",NA,"E: Uncertainty","E: Uncertainty","E: Uncertainty",NA,NA,NA,NA,NA,NA,NA,NA
"2022-09-04 03:00:00","PM10",NA,NA,0,842.6204,93.8921,170.4868,111.9736,5.1047,1.1651,NA,1.479,122.3049,0,0.6562,2.4777,9.8794,0,0,0.7557,0.7574,6.9634,1.7631,0,0,0,14.0246,NA,NA,0,0,NA,0,NA,0,0,0,0,0,2.8694,0,"E: Uncertainty","E: Uncertainty",NA,NA,NA,NA,NA,NA,NA,"E: Uncertainty",NA,NA,NA,NA,NA,NA,NA,NA,NA,NA,NA,NA,NA,NA,NA,NA,"E: Uncertainty","E: Uncertainty",NA,NA,"E: Uncertainty",NA,"E: Uncertainty",NA,NA,NA,NA,NA,NA,NA
"2022-09-04 04:00:00","PM2.5",711.0007,0,0,682.3055,0,103.0288,19.2246,1.2775,2.1439,0,0,39.8418,0,0.6323,1.3918,7.8509,0,0,0.9293,0.5472,6.0318,NA,0,0,0,NA,NA,0.0388,0,0,NA,0,NA,0,0,0,0,0,1.1245,0,NA,NA,NA,NA,NA,NA,NA,NA,NA,NA,NA,NA,NA,NA,NA,NA,NA,NA,NA,NA,NA,"E: Uncertainty",NA,NA,NA,"E: Uncertainty","E: Uncertainty",NA,NA,NA,"E: Uncertainty",NA,"E: Uncertainty",NA,NA,NA,NA,NA,NA,NA
"2022-09-04 05:00:00","PM10",NA,NA,0,1115.9377,16.3917,151.2658,91.7586,5.3584,2.1827,0,1.5524,115.2567,0,1.0466,2.1509,9.7644,0.0019,0,0.8011,0.6738,6.5031,NA,0,0,0,NA,0,0,0,NA,0,0,0,0,0,0,0,0,1.3245,0,"E: Uncertainty","E: Uncertainty",NA,NA,NA,NA,NA,NA,NA,NA,NA,NA,NA,NA,NA,NA,NA,NA,NA,NA,NA,"E: Uncertainty",NA,NA,NA,"E: Uncertainty",NA,NA,NA,"E: Uncertainty",NA,NA,NA,NA,NA,NA,NA,NA,NA,NA
"2022-09-04 06:00:00","PM2.5",648.3739,0,0,714.9827,0,71.8167,19.1682,NA,2.1424,NA,NA,37.6351,NA,0.6949,1.3354,7.5084,0,0,0.7337,0.5233,5.6697,NA,0,0,0,11.6692,NA,NA,0,NA,NA,NA,0,0,0,0,0,0,1.5707,0,NA,NA,NA,NA,NA,NA,NA,"E: Uncertainty",NA,"E: Uncertainty","E: Uncertainty",NA,"E: Uncertainty",NA,NA,NA,NA,NA,NA,NA,NA,"E: Uncertainty",NA,NA,NA,NA,"E: Uncertainty","E: Uncertainty",NA,"E: Uncertainty","E: Uncertainty","E: Uncertainty",NA,NA,NA,NA,NA,NA,NA,NA
"2022-09-04 07:00:00","PM10",0,NA,0,889.6733,734.0879,108.4153,109.5854,3.4984,0.8971,NA,0.7746,86.9116,0,0.9024,2.0316,7.1142,0,0,0.7086,NA,5.4,NA,0,0,0,NA,NA,NA,0,0,NA,NA,NA,0,0,0,0,0,0.7597,0,NA,"E: Uncertainty",NA,NA,NA,NA,NA,NA,NA,"E: Uncertainty",NA,NA,NA,NA,NA,NA,NA,NA,NA,"E: Uncertainty",NA,"E: Uncertainty",NA,NA,NA,"E: Uncertainty","E: Uncertainty","E: Uncertainty",NA,NA,"E: Uncertainty","E: Uncertainty","E: Uncertainty",NA,NA,NA,NA,NA,NA,NA
"2022-09-04 08:00:00","PM2.5",0,0,0,659.0599,104.5207,45.5566,29.5341,0,1.1418,0,NA,25.7683,0,0.9313,1.1118,4.8066,0,0,0.4469,0.5706,5.5373,NA,0,0,0,9.3556,NA,0,0,NA,NA,NA,NA,0,0,0,0,0,NA,0,NA,NA,NA,NA,NA,NA,NA,NA,NA,NA,"E: Uncertainty",NA,NA,NA,NA,NA,NA,NA,NA,NA,NA,"E: Uncertainty",NA,NA,NA,NA,"E: Uncertainty",NA,NA,"E: Uncertainty","E: Uncertainty","E: Uncertainty","E: Uncertainty",NA,NA,NA,NA,NA,"E: Uncertainty",NA
"2022-09-04 09:00:00","PM10",NA,NA,0,797.9788,1958.1503,124.0879,182.5891,2.7157,1.8805,0,NA,85.5991,0,NA,1.4246,6.0045,0,0,0.4915,0.507,6.6964,NA,0,0,NA,15.185,NA,0,0,NA,NA,NA,0,0,0,0,0,0,NA,0,"E: Uncertainty","E: Uncertainty",NA,NA,NA,NA,NA,NA,NA,NA,"E: Uncertainty",NA,NA,"E: Uncertainty",NA,NA,NA,NA,NA,NA,NA,"E: Uncertainty",NA,NA,"E: Uncertainty",NA,"E: Uncertainty",NA,NA,"E: Uncertainty","E: Uncertainty","E: Uncertainty",NA,NA,NA,NA,NA,NA,"E: Uncertainty",NA
"2022-09-04 10:00:00","PM2.5",NA,0,0,599.4075,491.6189,49.6954,71.6378,NA,1.3095,0,0.003,29.3169,0,NA,1.398,4.4825,0,0,0.6302,NA,4.8946,NA,0,0,0,NA,0,NA,0,NA,NA,0,0,0,0,0,0,0,1.1539,0,"E: Uncertainty",NA,NA,NA,NA,NA,NA,"E: Uncertainty",NA,NA,NA,NA,NA,"E: Uncertainty",NA,NA,NA,NA,NA,"E: Uncertainty",NA,"E: Uncertainty",NA,NA,NA,"E: Uncertainty",NA,"E: Uncertainty",NA,"E: Uncertainty","E: Uncertainty",NA,NA,NA,NA,NA,NA,NA,NA,NA
"2022-09-04 11:00:00","PM10",NA,NA,0,619.7437,2027.612,114.9868,320.2849,4.0614,NA,0.0078,NA,91.128,0,NA,1.4422,5.2104,0,0,0,NA,7.4233,2.1706,0,0,0,NA,NA,NA,0,NA,NA,NA,0,0,0,0,0,0,0.887,0,"E: Uncertainty","E: Uncertainty",NA,NA,NA,NA,NA,NA,"E: Uncertainty",NA,"E: Uncertainty",NA,NA,"E: Uncertainty",NA,NA,NA,NA,NA,"E: Uncertainty",NA,NA,NA,NA,NA,"E: Uncertainty","E: Uncertainty","E: Uncertainty",NA,"E: Uncertainty","E: Uncertainty","E: Uncertainty",NA,NA,NA,NA,NA,NA,NA,NA
"2022-09-04 12:00:00","PM2.5",968.1791,0,0,446.7804,461.5681,43.5155,46.325,NA,0,0,0,28.6546,0,0,0.8715,3.319,0,0,NA,NA,4.1393,1.8432,0,0,0,10.311,NA,NA,0,0,0,0,NA,NA,0,0,0,0,0,0,NA,NA,NA,NA,NA,NA,NA,"E: Uncertainty",NA,NA,NA,NA,NA,NA,NA,NA,NA,NA,"E: Uncertainty","E: Uncertainty",NA,NA,NA,NA,NA,NA,"E: Uncertainty","E: Uncertainty",NA,NA,NA,NA,"E: Uncertainty","E: Uncertainty",NA,NA,NA,NA,NA,NA
"2022-09-04 13:00:00","PM10",5.7082,NA,0,632.8861,2218.9818,125.1453,210.8229,4.1681,NA,0,NA,95.46,0,NA,2.1835,5.0165,0,0,0,0.4544,7.5902,NA,0,0,0,NA,0,NA,0,0,NA,NA,0,0,NA,0,0,0,1.0862,0,NA,"E: Uncertainty",NA,NA,NA,NA,NA,NA,"E: Uncertainty",NA,"E: Uncertainty",NA,NA,"E: Uncertainty",NA,NA,NA,NA,NA,NA,NA,"E: Uncertainty",NA,NA,NA,"E: Uncertainty",NA,"E: Uncertainty",NA,NA,"E: Uncertainty","E: Uncertainty",NA,NA,"E: Uncertainty",NA,NA,NA,NA,NA
"2022-09-04 14:00:00","PM2.5",NA,0,0,462.5015,177.5678,62.0692,74.5352,2.5014,NA,0,0.9737,91.3321,0,NA,9.1506,10.9328,0,0,0.5078,NA,4.127,NA,0,0,0,11.6063,NA,0,0,NA,0,NA,3.0748,0,0,0,0,0,1.044,0,"E: Uncertainty",NA,NA,NA,NA,NA,NA,NA,"E: Uncertainty",NA,NA,NA,NA,"E: Uncertainty",NA,NA,NA,NA,NA,"E: Uncertainty",NA,"E: Uncertainty",NA,NA,NA,NA,"E: Uncertainty",NA,NA,"E: Uncertainty",NA,"E: Uncertainty",NA,NA,NA,NA,NA,NA,NA,NA
"2022-09-04 15:00:00","PM10",0,0,0,614.5282,1256.1417,117.8379,202.0182,2.4549,NA,0,NA,92.0271,NA,NA,2.6992,5.4005,0,0,0.9513,NA,6.2091,NA,0,7.0924,0,13.9106,0,NA,0,NA,0,NA,NA,0,0,0,0,0,0,0,NA,NA,NA,NA,NA,NA,NA,NA,"E: Uncertainty",NA,"E: Uncertainty",NA,"E: Uncertainty","E: Uncertainty",NA,NA,NA,NA,NA,"E: Uncertainty",NA,"E: Uncertainty",NA,NA,NA,NA,NA,"E: Uncertainty",NA,"E: Uncertainty",NA,"E: Uncertainty","E: Uncertainty",NA,NA,NA,NA,NA,NA,NA
"2022-09-04 16:00:00","PM2.5",NA,0,0,519.5904,188.2533,50.1831,41.5305,NA,NA,NA,0,28.2975,0,NA,1.1767,3.8065,0,0,0,NA,5.8355,NA,0,NA,0,11.0085,NA,NA,0,NA,0,NA,0,0,0,0,0,0,1.5075,0,"E: Uncertainty",NA,NA,NA,NA,NA,NA,"E: Uncertainty","E: Uncertainty","E: Uncertainty",NA,NA,NA,"E: Uncertainty",NA,NA,NA,NA,NA,"E: Uncertainty",NA,"E: Uncertainty",NA,"E: Uncertainty",NA,NA,"E: Uncertainty","E: Uncertainty",NA,"E: Uncertainty",NA,"E: Uncertainty",NA,NA,NA,NA,NA,NA,NA,NA
"2022-09-04 17:00:00","PM10",NA,NA,0,633.3201,1610.1367,115.1645,154.2891,2.2212,NA,NA,NA,94.4786,NA,NA,3.1047,4.785,NA,0,0.6799,NA,6.1278,1.9472,0,3.5481,0,12.971,0,NA,0,NA,NA,NA,0,0,0,0,NA,0,0,0,"E: Uncertainty","E: Uncertainty",NA,NA,NA,NA,NA,NA,"E: Uncertainty","E: Uncertainty","E: Uncertainty",NA,"E: Uncertainty","E: Uncertainty",NA,NA,"E: Uncertainty",NA,NA,"E: Uncertainty",NA,NA,NA,NA,NA,NA,NA,"E: Uncertainty",NA,"E: Uncertainty","E: Uncertainty","E: Uncertainty",NA,NA,NA,NA,"E: Uncertainty",NA,NA,NA
"2022-09-04 18:00:00","PM2.5",0,0,0,530.1076,280.0316,54.7291,36.3158,NA,0.7513,0,0,37.4214,0,NA,1.7958,3.961,0,0,0.3458,0.4234,4.7196,NA,NA,0,0,10.537,NA,0,0,NA,NA,NA,NA,0,0,0,NA,0,1.1053,0,NA,NA,NA,NA,NA,NA,NA,"E: Uncertainty",NA,NA,NA,NA,NA,"E: Uncertainty",NA,NA,NA,NA,NA,NA,NA,"E: Uncertainty","E: Uncertainty",NA,NA,NA,"E: Uncertainty",NA,NA,"E: Uncertainty","E: Uncertainty","E: Uncertainty","E: Uncertainty",NA,NA,NA,"E: Uncertainty",NA,NA,NA
"2022-09-04 19:00:00","PM10",0,NA,0,589.7585,1084.9026,106.8737,123.5605,4.0468,NA,NA,NA,94.846,0,NA,2.1912,5.3907,0,0,NA,0.7596,4.5442,NA,0,0,0,9.7236,NA,0,0,0,NA,NA,NA,0,0,0,0,0,1.0395,0,NA,"E: Uncertainty",NA,NA,NA,NA,NA,NA,"E: Uncertainty","E: Uncertainty","E: Uncertainty",NA,NA,"E: Uncertainty",NA,NA,NA,NA,"E: Uncertainty",NA,NA,"E: Uncertainty",NA,NA,NA,NA,"E: Uncertainty",NA,NA,NA,"E: Uncertainty","E: Uncertainty","E: Uncertainty",NA,NA,NA,NA,NA,NA,NA
"2022-09-04 20:00:00","PM2.5",NA,0,0,591.5073,147.9048,58.0192,31.236,NA,NA,NA,NA,44.7821,0,NA,1.6588,5.4206,0,0,NA,NA,4.3227,NA,0,0,0,9.2918,NA,0,0,0,NA,0,0,0,0,0,0,0,1.9587,0,"E: Uncertainty",NA,NA,NA,NA,NA,NA,"E: Uncertainty","E: Uncertainty","E: Uncertainty","E: Uncertainty",NA,NA,"E: Uncertainty",NA,NA,NA,NA,"E: Uncertainty","E: Uncertainty",NA,"E: Uncertainty",NA,NA,NA,NA,"E: Uncertainty",NA,NA,NA,"E: Uncertainty",NA,NA,NA,NA,NA,NA,NA,NA,NA
"2022-09-04 21:00:00","PM10",NA,NA,0,644.7122,1053.0572,121.9449,125.2936,6.7795,NA,0,NA,116.6196,0,NA,2.4734,7.0312,0,0,0.8214,NA,5.2001,NA,0,0,0,13.04,NA,0,0,0,0,NA,0,0,0,0,0,0,0.9766,0,"E: Uncertainty","E: Uncertainty",NA,NA,NA,NA,NA,NA,"E: Uncertainty",NA,"E: Uncertainty",NA,NA,"E: Uncertainty",NA,NA,NA,NA,NA,"E: Uncertainty",NA,"E: Uncertainty",NA,NA,NA,NA,"E: Uncertainty",NA,NA,NA,NA,"E: Uncertainty",NA,NA,NA,NA,NA,NA,NA,NA
"2022-09-04 22:00:00","PM2.5",NA,0,0,478.7468,157.5559,48.9629,28.7488,NA,NA,0,0,39.5665,0,NA,1.5082,4.1005,0,0,0,NA,3.4757,NA,0,0,0,16.7671,NA,NA,0,0,0,NA,NA,0,0,0,0.0088,0,1.0311,0,"E: Uncertainty",NA,NA,NA,NA,NA,NA,"E: Uncertainty","E: Uncertainty",NA,NA,NA,NA,"E: Uncertainty",NA,NA,NA,NA,NA,"E: Uncertainty",NA,"E: Uncertainty",NA,NA,NA,NA,"E: Uncertainty","E: Uncertainty",NA,NA,NA,"E: Uncertainty","E: Uncertainty",NA,NA,NA,NA,NA,NA,NA
"2022-09-04 23:00:00","PM10",0,NA,0,543.5579,825.8738,101.0474,119.9005,2.82,0,NA,0,94.9097,0,0,2.2982,5.5898,0,0,1.7894,NA,4.8905,NA,0,NA,0,NA,0,NA,0,NA,NA,NA,NA,0,0,0,0,0,0,0,NA,"E: Uncertainty",NA,NA,NA,NA,NA,NA,NA,"E: Uncertainty",NA,NA,NA,NA,NA,NA,NA,NA,NA,"E: Uncertainty",NA,"E: Uncertainty",NA,"E: Uncertainty",NA,"E: Uncertainty",NA,"E: Uncertainty",NA,"E: Uncertainty","E: Uncertainty","E: Uncertainty","E: Uncertainty",NA,NA,NA,NA,NA,NA,NA
"2022-09-05 00:30:00","PM2.5",0,0,0,425.1288,0,52.3674,39.113,NA,0,2e-04,0,35.1192,0.0159,NA,1.4692,4.1943,0,0,1.6908,NA,3.3617,0,0,0,0,24.5076,0,NA,0,NA,NA,NA,0,0,0,0,0,0,NA,0,NA,NA,NA,NA,NA,NA,NA,"E: Uncertainty",NA,NA,NA,NA,NA,"E: Uncertainty",NA,NA,NA,NA,NA,"E: Uncertainty",NA,NA,NA,NA,NA,NA,NA,"E: Uncertainty",NA,"E: Uncertainty","E: Uncertainty","E: Uncertainty",NA,NA,NA,NA,NA,NA,"E: Uncertainty",NA
"2022-09-05 01:00:00","PM10",NA,0,0,521.4885,73.2445,116.9165,67.3651,2.2098,NA,NA,NA,98.1062,0,0,2.1492,6.1857,0,0,1.3669,NA,3.8473,NA,0,0,0,NA,NA,0,0,0,0,0,0,0,0,0,0,0,1.4894,0,"E: Uncertainty",NA,NA,NA,NA,NA,NA,NA,"E: Uncertainty","E: Uncertainty","E: Uncertainty",NA,NA,NA,NA,NA,NA,NA,NA,"E: Uncertainty",NA,"E: Uncertainty",NA,NA,NA,"E: Uncertainty","E: Uncertainty",NA,NA,NA,NA,NA,NA,NA,NA,NA,NA,NA,NA,NA
"2022-09-05 02:00:00","PM2.5",NA,0,0,433.882,0,60.497,22.4894,NA,NA,NA,NA,49.9339,0,NA,1.6288,5.874,0,0,1.8358,NA,3.4509,NA,0,0,0,12.429,NA,NA,0,NA,NA,NA,0,0,0,0,0,0,0.97,0,"E: Uncertainty",NA,NA,NA,NA,NA,NA,"E: Uncertainty","E: Uncertainty","E: Uncertainty","E: Uncertainty",NA,NA,"E: Uncertainty",NA,NA,NA,NA,NA,"E: Uncertainty",NA,"E: Uncertainty",NA,NA,NA,NA,"E: Uncertainty","E: Uncertainty",NA,"E: Uncertainty","E: Uncertainty","E: Uncertainty",NA,NA,NA,NA,NA,NA,NA,NA
"2022-09-05 03:00:00","PM10",NA,0,0,573.9398,0,132.2986,88.3272,2.1782,1.0164,0,0.9083,100.8922,NA,0,2.6694,7.9995,0,0,1.4407,0.4325,4.5334,NA,0,0,0,0,0,0,0,0,0,0,NA,0,0,0,0,0,2.4082,0,"E: Uncertainty",NA,NA,NA,NA,NA,NA,NA,NA,NA,NA,NA,"E: Uncertainty",NA,NA,NA,NA,NA,NA,NA,NA,"E: Uncertainty",NA,NA,NA,NA,NA,NA,NA,NA,NA,NA,"E: Uncertainty",NA,NA,NA,NA,NA,NA,NA
"2022-09-05 04:00:00","PM2.5",616.7426,0,0,436.597,0,72.2075,186.8985,NA,NA,NA,NA,55.737,0,NA,1.6824,7.3437,0,0,1.6543,NA,3.8455,NA,0,0,0,NA,NA,0,0,NA,NA,NA,NA,0,0,0,0,0,2.527,0,NA,NA,NA,NA,NA,NA,NA,"E: Uncertainty","E: Uncertainty","E: Uncertainty","E: Uncertainty",NA,NA,"E: Uncertainty",NA,NA,NA,NA,NA,"E: Uncertainty",NA,"E: Uncertainty",NA,NA,NA,"E: Uncertainty","E: Uncertainty",NA,NA,"E: Uncertainty","E: Uncertainty","E: Uncertainty","E: Uncertainty",NA,NA,NA,NA,NA,NA,NA
"2022-09-05 05:00:00","PM10",NA,NA,NA,535.4302,49.5574,136.1164,225.1711,4.6181,NA,NA,2.3972,286.6916,0,NA,9.0339,9.2173,0,0,1.7253,0.666,4.4217,NA,0,0,0,NA,NA,NA,0,NA,0,NA,NA,0,0,0,0,0,2.7768,0,"E: Uncertainty","E: Uncertainty","E: Uncertainty",NA,NA,NA,NA,NA,"E: Uncertainty","E: Uncertainty",NA,NA,NA,"E: Uncertainty",NA,NA,NA,NA,NA,NA,NA,"E: Uncertainty",NA,NA,NA,"E: Uncertainty","E: Uncertainty","E: Uncertainty",NA,"E: Uncertainty",NA,"E: Uncertainty","E: Uncertainty",NA,NA,NA,NA,NA,NA,NA
"2022-09-05 06:00:00","PM2.5",NA,0,0,400.2981,0,95.329,48.414,NA,0.8884,NA,NA,127.8292,0,NA,4.4657,19.0625,0,0,16.7536,NA,4.1004,NA,0,0,0,0,NA,NA,0,0,0,0,NA,0,0.0125,0,0,0,4.2491,0,"E: Uncertainty",NA,NA,NA,NA,NA,NA,"E: Uncertainty",NA,"E: Uncertainty","E: Uncertainty",NA,NA,"E: Uncertainty",NA,NA,NA,NA,NA,"E: Uncertainty",NA,"E: Uncertainty",NA,NA,NA,NA,"E: Uncertainty","E: Uncertainty",NA,NA,NA,NA,"E: Uncertainty",NA,NA,NA,NA,NA,NA,NA
"2022-09-05 07:00:00","PM10",0,0,0,529.4465,1663.2947,141.2432,164.0173,4.3896,1.2871,0.8556,1.3031,206.0524,0,NA,7.1238,11.1643,0,0,3.407,NA,6.487,NA,0,0.0026,0,NA,NA,NA,0,0,0,NA,NA,0,0,0,0,0,NA,0,NA,NA,NA,NA,NA,NA,NA,NA,NA,NA,NA,NA,NA,"E: Uncertainty",NA,NA,NA,NA,NA,"E: Uncertainty",NA,"E: Uncertainty",NA,NA,NA,"E: Uncertainty","E: Uncertainty","E: Uncertainty",NA,NA,NA,"E: Uncertainty","E: Uncertainty",NA,NA,NA,NA,NA,"E: Uncertainty",NA
"2022-09-05 08:00:00","PM2.5",NA,0,0,349.8636,617.7243,46.6723,48.3223,NA,NA,NA,NA,51.9952,0,NA,1.6226,3.9189,0,0,0.4479,NA,3.2735,NA,0,0,0,14.4229,NA,NA,0,NA,NA,NA,0,0,0,0,0,0,0,0,"E: Uncertainty",NA,NA,NA,NA,NA,NA,"E: Uncertainty","E: Uncertainty","E: Uncertainty","E: Uncertainty",NA,NA,"E: Uncertainty",NA,NA,NA,NA,NA,"E: Uncertainty",NA,"E: Uncertainty",NA,NA,NA,NA,"E: Uncertainty","E: Uncertainty",NA,"E: Uncertainty","E: Uncertainty","E: Uncertainty",NA,NA,NA,NA,NA,NA,NA,NA
"2022-09-05 09:00:00","PM10",NA,0,0,476.6743,3247.426,153.3007,210.8204,5.7956,NA,NA,NA,83.7038,0,0,1.7391,5.8666,0,0,NA,NA,5.4894,1.9606,0,0,0,16.487,NA,NA,0,NA,0,0,0,0,0,0,0,0,6.4698,0,"E: Uncertainty",NA,NA,NA,NA,NA,NA,NA,"E: Uncertainty","E: Uncertainty","E: Uncertainty",NA,NA,NA,NA,NA,NA,NA,"E: Uncertainty","E: Uncertainty",NA,NA,NA,NA,NA,NA,"E: Uncertainty","E: Uncertainty",NA,"E: Uncertainty",NA,NA,NA,NA,NA,NA,NA,NA,NA,NA
"2022-09-05 10:00:00","PM2.5",NA,0,0,255.8953,985.4361,52.8093,64.2799,NA,NA,0,0,28.3132,NA,NA,1.2061,6.4683,0,0,0,0,3.2344,NA,0,0,0,14.9601,0,NA,0,NA,NA,NA,0,0,0,0,0,0,6.6722,0,"E: Uncertainty",NA,NA,NA,NA,NA,NA,"E: Uncertainty","E: Uncertainty",NA,NA,NA,"E: Uncertainty","E: Uncertainty",NA,NA,NA,NA,NA,NA,NA,"E: Uncertainty",NA,NA,NA,NA,NA,"E: Uncertainty",NA,"E: Uncertainty","E: Uncertainty","E: Uncertainty",NA,NA,NA,NA,NA,NA,NA,NA
"2022-09-05 11:00:00","PM10",NA,1.7609,0,358.4326,3270.5152,144.07,262.3962,4.5152,NA,NA,NA,81.8195,NA,0,1.6028,8.1336,0,0,NA,0,4.2164,2.489,0,0,0,15.5182,NA,NA,0,NA,NA,NA,0.0155,0,0,0,0,0,2.316,0,"E: Uncertainty",NA,NA,NA,NA,NA,NA,NA,"E: Uncertainty","E: Uncertainty","E: Uncertainty",NA,"E: Uncertainty",NA,NA,NA,NA,NA,"E: Uncertainty",NA,NA,NA,NA,NA,NA,NA,"E: Uncertainty","E: Uncertainty",NA,"E: Uncertainty","E: Uncertainty","E: Uncertainty",NA,NA,NA,NA,NA,NA,NA,NA
"2022-09-05 12:00:00","PM2.5",0,0,0,283.8993,881.784,62.5486,80.5822,NA,NA,0,NA,30.8575,0,0,1.1434,4.2188,0,0,0.4504,NA,3.9682,1.541,0,0,0,9.5178,0,0,0,NA,NA,NA,0,0,0,0,0,0,0,0,NA,NA,NA,NA,NA,NA,NA,"E: Uncertainty","E: Uncertainty",NA,"E: Uncertainty",NA,NA,NA,NA,NA,NA,NA,NA,"E: Uncertainty",NA,NA,NA,NA,NA,NA,NA,NA,NA,"E: Uncertainty","E: Uncertainty","E: Uncertainty",NA,NA,NA,NA,NA,NA,NA,NA
"2022-09-05 13:00:00","PM10",NA,NA,0,451.4696,2221.8628,147.623,319.178,5.6416,NA,NA,1.1858,120.7763,NA,NA,4.8313,7.5494,0,0,0,NA,6.112,1.4953,0,0,0,15.1545,0,NA,0,NA,NA,NA,NA,0,NA,0,NA,0,3.6823,0,"E: Uncertainty","E: Uncertainty",NA,NA,NA,NA,NA,NA,"E: Uncertainty","E: Uncertainty",NA,NA,"E: Uncertainty","E: Uncertainty",NA,NA,NA,NA,NA,"E: Uncertainty",NA,NA,NA,NA,NA,NA,NA,"E: Uncertainty",NA,"E: Uncertainty","E: Uncertainty","E: Uncertainty","E: Uncertainty",NA,"E: Uncertainty",NA,"E: Uncertainty",NA,NA,NA
"2022-09-05 14:00:00","PM2.5",NA,0,0,332.6061,325.88,76.7669,125.5105,3.8434,NA,0,NA,76.0164,0,NA,2.0898,5.9605,0,0,0.6597,0,14.2294,NA,0,0,0,9.7009,NA,0,0,0,0,NA,NA,0,0,0,0,0,1.1364,0,"E: Uncertainty",NA,NA,NA,NA,NA,NA,NA,"E: Uncertainty",NA,"E: Uncertainty",NA,NA,"E: Uncertainty",NA,NA,NA,NA,NA,NA,NA,"E: Uncertainty",NA,NA,NA,NA,"E: Uncertainty",NA,NA,NA,NA,"E: Uncertainty","E: Uncertainty",NA,NA,NA,NA,NA,NA,NA
"2022-09-05 15:00:00","PM10",NA,1.1309,0,427.2116,500.5617,91.8297,125.8297,3.0864,1.2708,NA,NA,141.5664,0,NA,4.314,8.0833,0,0,2.706,0,18.861,NA,0,0,0,12.7869,NA,0,0,0,NA,NA,0,0,0,0,0,0,NA,0,"E: Uncertainty",NA,NA,NA,NA,NA,NA,NA,NA,"E: Uncertainty","E: Uncertainty",NA,NA,"E: Uncertainty",NA,NA,NA,NA,NA,NA,NA,"E: Uncertainty",NA,NA,NA,NA,"E: Uncertainty",NA,NA,NA,"E: Uncertainty","E: Uncertainty",NA,NA,NA,NA,NA,NA,"E: Uncertainty",NA
"2022-09-05 16:00:00","PM2.5",NA,0,0,301.1687,84.5374,45.0335,26.9563,NA,NA,0,NA,58.7063,NA,0,1.8085,6.5439,0,0,1.1713,NA,2.3368,0,0,0,NA,NA,NA,NA,0,0,NA,NA,NA,0,0,0,0,0,4.0448,0,"E: Uncertainty",NA,NA,NA,NA,NA,NA,"E: Uncertainty","E: Uncertainty",NA,"E: Uncertainty",NA,"E: Uncertainty",NA,NA,NA,NA,NA,NA,"E: Uncertainty",NA,NA,NA,NA,"E: Uncertainty","E: Uncertainty","E: Uncertainty","E: Uncertainty",NA,NA,"E: Uncertainty","E: Uncertainty","E: Uncertainty",NA,NA,NA,NA,NA,NA,NA
"2022-09-05 17:00:00","PM10",809.5373,0,0,438.4158,214.1341,94.3635,70.3009,3.3368,0,NA,NA,184.4041,0,NA,5.1539,6.4289,0,0,1.1272,NA,3.606,NA,0,0,0,10.0806,0,NA,0,0,0,NA,NA,0,0,0,0,0,NA,0,NA,NA,NA,NA,NA,NA,NA,NA,NA,"E: Uncertainty","E: Uncertainty",NA,NA,"E: Uncertainty",NA,NA,NA,NA,NA,"E: Uncertainty",NA,"E: Uncertainty",NA,NA,NA,NA,NA,"E: Uncertainty",NA,NA,NA,"E: Uncertainty","E: Uncertainty",NA,NA,NA,NA,NA,"E: Uncertainty",NA
"2022-09-05 18:00:00","PM2.5",0,0,0,394.5658,0,51.2864,21.4032,1.5833,NA,NA,NA,85.0676,0,0.6232,2.9597,5.1631,0,0,0.9611,NA,2.4333,NA,0,0,0,12.2357,0,0,0,0,NA,NA,NA,0,0,0,0,0,NA,0,NA,NA,NA,NA,NA,NA,NA,NA,"E: Uncertainty","E: Uncertainty","E: Uncertainty",NA,NA,NA,NA,NA,NA,NA,NA,"E: Uncertainty",NA,"E: Uncertainty",NA,NA,NA,NA,NA,NA,NA,NA,"E: Uncertainty","E: Uncertainty","E: Uncertainty",NA,NA,NA,NA,NA,"E: Uncertainty",NA
"2022-09-05 19:00:00","PM10",NA,0,0,389.125,77.9279,103.0197,95.381,4.0898,NA,NA,0.8581,207.8277,0,NA,6.0464,9.7235,0,0,2.286,NA,2.6195,NA,0,NA,0,17.1842,NA,NA,0,0,0,NA,NA,0,0,0,NA,0,0,0,"E: Uncertainty",NA,NA,NA,NA,NA,NA,NA,"E: Uncertainty","E: Uncertainty",NA,NA,NA,"E: Uncertainty",NA,NA,NA,NA,NA,"E: Uncertainty",NA,"E: Uncertainty",NA,"E: Uncertainty",NA,NA,"E: Uncertainty","E: Uncertainty",NA,NA,NA,"E: Uncertainty","E: Uncertainty",NA,NA,NA,"E: Uncertainty",NA,NA,NA
"2022-09-05 20:00:00","PM2.5",680.8638,0,0,140.4679,0,58.5897,24.9728,NA,0,0,0,38.9742,0,NA,1.3386,4.9657,0,0,NA,NA,1.0262,NA,0,0,0,NA,NA,NA,0,NA,0,NA,NA,0,NA,0,0,0,1.8998,0,NA,NA,NA,NA,NA,NA,NA,"E: Uncertainty",NA,NA,NA,NA,NA,"E: Uncertainty",NA,NA,NA,NA,"E: Uncertainty","E: Uncertainty",NA,"E: Uncertainty",NA,NA,NA,"E: Uncertainty","E: Uncertainty","E: Uncertainty",NA,"E: Uncertainty",NA,"E: Uncertainty","E: Uncertainty",NA,"E: Uncertainty",NA,NA,NA,NA,NA
"2022-09-05 21:00:00","PM10",NA,0,0,65.5596,8.2428,78.3402,44.4132,1.1673,0,NA,NA,65.1344,0,0,1.3871,2.2022,0,0,0.4235,NA,NA,NA,0,0,0,NA,NA,NA,0,0,0,NA,NA,0,0,0,0,0,NA,0,"E: Uncertainty",NA,NA,NA,NA,NA,NA,NA,NA,"E: Uncertainty","E: Uncertainty",NA,NA,NA,NA,NA,NA,NA,NA,"E: Uncertainty","E: Uncertainty","E: Uncertainty",NA,NA,NA,"E: Uncertainty","E: Uncertainty","E: Uncertainty",NA,NA,NA,"E: Uncertainty","E: Uncertainty",NA,NA,NA,NA,NA,"E: Uncertainty",NA
"2022-09-05 22:00:00","PM2.5",NA,0,0,116.3325,0,43.1783,16.4429,2.8163,NA,NA,7e-04,42.1583,0,0,1.5945,4.7726,0,0,0.9211,0,1.1088,NA,0,0,0,9.765,0,NA,0,NA,NA,NA,0,0,0,0,0,0,1.4798,0,"E: Uncertainty",NA,NA,NA,NA,NA,NA,NA,"E: Uncertainty","E: Uncertainty",NA,NA,NA,NA,NA,NA,NA,NA,NA,NA,NA,"E: Uncertainty",NA,NA,NA,NA,NA,"E: Uncertainty",NA,"E: Uncertainty","E: Uncertainty","E: Uncertainty",NA,NA,NA,NA,NA,NA,NA,NA
"2022-09-05 23:00:00","PM10",NA,0,NA,81.9807,16.3384,69.3465,21.4143,1.7121,0,NA,0,39.4724,0,0,1.0457,2.5207,0,0,NA,NA,NA,NA,0,NA,NA,16.5583,0,0,0,NA,NA,NA,0,0,0,0,0,0,1.064,0,"E: Uncertainty",NA,"E: Uncertainty",NA,NA,NA,NA,NA,NA,"E: Uncertainty",NA,NA,NA,NA,NA,NA,NA,NA,"E: Uncertainty","E: Uncertainty","E: Uncertainty","E: Uncertainty",NA,"E: Uncertainty","E: Uncertainty",NA,NA,NA,NA,"E: Uncertainty","E: Uncertainty","E: Uncertainty",NA,NA,NA,NA,NA,NA,NA,NA
"2022-09-06 00:30:00","PM2.5",0,0,NA,36.3712,0,19.7207,8.691,NA,0,NA,0,24.1834,0,0,1.2692,1.8103,0,0,0,NA,NA,NA,0,0,0,NA,0,0,0,NA,0,NA,0,0,0,0,0,0,NA,0,NA,NA,"E: Uncertainty",NA,NA,NA,NA,"E: Uncertainty",NA,"E: Uncertainty",NA,NA,NA,NA,NA,NA,NA,NA,NA,"E: Uncertainty","E: Uncertainty","E: Uncertainty",NA,NA,NA,"E: Uncertainty",NA,NA,NA,"E: Uncertainty",NA,"E: Uncertainty",NA,NA,NA,NA,NA,NA,"E: Uncertainty",NA
"2022-09-06 01:00:00","PM10",NA,0,NA,48.3379,17.323,75.213,37.6892,2.4426,NA,NA,NA,58.725,NA,0,1.2778,1.287,0,0,1.0644,0,0,NA,0,0,0,8.8485,0,0,0,NA,NA,NA,0.0272,0,0,0,0,0,0,0,"E: Uncertainty",NA,"E: Uncertainty",NA,NA,NA,NA,NA,"E: Uncertainty","E: Uncertainty","E: Uncertainty",NA,"E: Uncertainty",NA,NA,NA,NA,NA,NA,NA,NA,"E: Uncertainty",NA,NA,NA,NA,NA,NA,NA,"E: Uncertainty","E: Uncertainty","E: Uncertainty",NA,NA,NA,NA,NA,NA,NA,NA
"2022-09-06 02:00:00","PM2.5",NA,0,NA,42.3069,0,20.5745,7.4481,NA,0,0,0,19.4549,0,0,0.614,0.9761,0,0,1.0547,0,NA,NA,0,0,0,NA,NA,NA,0,NA,NA,NA,0,0,0,0,0,0,0,0,"E: Uncertainty",NA,"E: Uncertainty",NA,NA,NA,NA,"E: Uncertainty",NA,NA,NA,NA,NA,NA,NA,NA,NA,NA,NA,NA,"E: Uncertainty","E: Uncertainty",NA,NA,NA,"E: Uncertainty","E: Uncertainty","E: Uncertainty",NA,"E: Uncertainty","E: Uncertainty","E: Uncertainty",NA,NA,NA,NA,NA,NA,NA,NA
"2022-09-06 03:00:00","PM10",NA,0,0,84.5208,0,66.7771,20.8673,NA,0,0,0,44.0068,NA,0,0.8912,1.9336,0,0,1.2119,0.0058,NA,NA,NA,0,0,19.5701,NA,NA,0,NA,NA,NA,NA,0,0,0,0,0,0,0,"E: Uncertainty",NA,NA,NA,NA,NA,NA,"E: Uncertainty",NA,NA,NA,NA,"E: Uncertainty",NA,NA,NA,NA,NA,NA,NA,"E: Uncertainty","E: Uncertainty","E: Uncertainty",NA,NA,NA,"E: Uncertainty","E: Uncertainty",NA,"E: Uncertainty","E: Uncertainty","E: Uncertainty","E: Uncertainty",NA,NA,NA,NA,NA,NA,NA
"2022-09-06 04:00:00","PM2.5",NA,0,0,116.8441,0,30.4861,20.9039,1.0315,0,NA,0,35.8863,0,0,1.2262,3.0352,0,0,2.1222,0,0.7265,NA,0,0,0,NA,NA,0,0,NA,0,NA,0,0,0,0,0,0,0,0,"E: Uncertainty",NA,NA,NA,NA,NA,NA,NA,NA,"E: Uncertainty",NA,NA,NA,NA,NA,NA,NA,NA,NA,NA,NA,"E: Uncertainty",NA,NA,NA,"E: Uncertainty","E: Uncertainty",NA,NA,"E: Uncertainty",NA,"E: Uncertainty",NA,NA,NA,NA,NA,NA,NA,NA
"2022-09-06 05:00:00","PM10",0,0,NA,234.8177,0,94.4207,30.9481,1.6115,NA,NA,NA,103.2695,0,NA,3.0324,5.9188,0,0,2.1088,0.414,1.9586,NA,0,0,0,9.4998,NA,NA,0,NA,0,NA,NA,0,NA,0,0,0,NA,0,NA,NA,"E: Uncertainty",NA,NA,NA,NA,NA,"E: Uncertainty","E: Uncertainty","E: Uncertainty",NA,NA,"E: Uncertainty",NA,NA,NA,NA,NA,NA,NA,"E: Uncertainty",NA,NA,NA,NA,"E: Uncertainty","E: Uncertainty",NA,"E: Uncertainty",NA,"E: Uncertainty","E: Uncertainty",NA,"E: Uncertainty",NA,NA,NA,"E: Uncertainty",NA
"2022-09-06 06:00:00","PM2.5",0,0,NA,219.0527,0,42.7843,19.7742,NA,NA,NA,NA,44.2575,0,0,1.6512,6.1222,0,0,1.3916,0,1.811,0,0,0,0,12.0932,NA,0,0,0,NA,NA,NA,0,0,0,0,0,1.6232,0,NA,NA,"E: Uncertainty",NA,NA,NA,NA,"E: Uncertainty","E: Uncertainty","E: Uncertainty","E: Uncertainty",NA,NA,NA,NA,NA,NA,NA,NA,NA,NA,NA,NA,NA,NA,NA,"E: Uncertainty",NA,NA,NA,"E: Uncertainty","E: Uncertainty","E: Uncertainty",NA,NA,NA,NA,NA,NA,NA
"2022-09-06 07:00:00","PM10",0,0,0,244.198,0,80.1533,270.2054,2.1715,NA,1.158,1.3205,186.1661,NA,NA,5.338,13.2143,0,0,2.7415,NA,2.417,NA,0,0,0,NA,0,0,0,0,NA,NA,NA,0,0,0,NA,0,NA,0,NA,NA,NA,NA,NA,NA,NA,NA,"E: Uncertainty",NA,NA,NA,"E: Uncertainty","E: Uncertainty",NA,NA,NA,NA,NA,"E: Uncertainty",NA,"E: Uncertainty",NA,NA,NA,"E: Uncertainty",NA,NA,NA,NA,"E: Uncertainty","E: Uncertainty","E: Uncertainty",NA,NA,NA,"E: Uncertainty",NA,"E: Uncertainty",NA
"2022-09-06 08:00:00","PM2.5",0,0,0,227.8142,0,45.2136,29.8224,NA,0,NA,NA,75.6993,0,NA,2.2916,8.1926,0,0,3.2542,NA,1.1752,0,0,0,0,10.0914,NA,NA,0,0,NA,NA,NA,0,0,0,0,0,0.9425,0,NA,NA,NA,NA,NA,NA,NA,"E: Uncertainty",NA,"E: Uncertainty","E: Uncertainty",NA,NA,"E: Uncertainty",NA,NA,NA,NA,NA,"E: Uncertainty",NA,NA,NA,NA,NA,NA,"E: Uncertainty","E: Uncertainty",NA,NA,"E: Uncertainty","E: Uncertainty","E: Uncertainty",NA,NA,NA,NA,NA,NA,NA
"2022-09-06 10:00:00","PM10",NA,0,0,408.0419,2031.14,101.5167,230.8372,6.4377,0,NA,NA,85.1102,0,NA,2.3696,7.0778,0,0,0.7606,0,3.8626,1.9565,0,0,0,NA,NA,NA,0,0,NA,0,NA,0,0,0,0,0,0,0,"E: Uncertainty",NA,NA,NA,NA,NA,NA,NA,NA,"E: Uncertainty","E: Uncertainty",NA,NA,"E: Uncertainty",NA,NA,NA,NA,NA,NA,NA,NA,NA,NA,NA,"E: Uncertainty","E: Uncertainty","E: Uncertainty",NA,NA,"E: Uncertainty",NA,"E: Uncertainty",NA,NA,NA,NA,NA,NA,NA
"2022-09-06 11:00:00","PM2.5",NA,NA,NA,NA,NA,NA,NA,NA,NA,NA,NA,NA,NA,NA,NA,NA,NA,NA,NA,NA,NA,NA,NA,NA,NA,NA,NA,NA,NA,NA,NA,NA,NA,NA,NA,NA,NA,NA,NA,NA,"E: Uncertainty","E: Erroneous Data","E: Erroneous Data","E: Erroneous Data","E: Erroneous Data","E: Erroneous Data","E: Erroneous Data","E: Uncertainty","E: Uncertainty","E: Erroneous Data","E: Erroneous Data","E: Erroneous Data","E: Erroneous Data","E: Uncertainty","E: Erroneous Data","E: Erroneous Data","E: Erroneous Data","E: Erroneous Data","E: Uncertainty","E: Uncertainty","E: Erroneous Data","E: Erroneous Data","E: Erroneous Data","E: Erroneous Data","E: Erroneous Data","E: Erroneous Data","E: Uncertainty","E: Uncertainty","E: Erroneous Data","E: Erroneous Data","E: Uncertainty","E: Uncertainty","E: Erroneous Data","E: Erroneous Data","E: Erroneous Data","E: Erroneous Data","E: Erroneous Data","E: Erroneous Data","E: Erroneous Data","E: Erroneous Data"
"2022-09-06 12:00:00","PM10",NA,NA,NA,NA,NA,NA,NA,NA,NA,NA,NA,NA,NA,NA,NA,NA,NA,NA,NA,NA,NA,NA,NA,NA,NA,NA,NA,NA,NA,NA,NA,NA,NA,NA,NA,NA,NA,NA,NA,NA,"E: Erroneous Data","E: Erroneous Data","E: Erroneous Data","E: Erroneous Data","E: Erroneous Data","E: Erroneous Data","E: Erroneous Data","E: Erroneous Data","E: Erroneous Data","E: Uncertainty","E: Erroneous Data","E: Erroneous Data","E: Erroneous Data","E: Uncertainty","E: Erroneous Data","E: Erroneous Data","E: Erroneous Data","E: Erroneous Data","E: Erroneous Data","E: Erroneous Data","E: Erroneous Data","E: Erroneous Data","E: Erroneous Data","E: Erroneous Data","E: Erroneous Data","E: Uncertainty","E: Uncertainty","E: Erroneous Data","E: Erroneous Data","E: Erroneous Data","E: Uncertainty","E: Erroneous Data","E: Erroneous Data","E: Erroneous Data","E: Erroneous Data","E: Erroneous Data","E: Erroneous Data","E: Erroneous Data","E: Erroneous Data","E: Erroneous Data"
"2022-09-06 13:00:00","PM2.5",NA,NA,NA,NA,NA,NA,NA,NA,NA,NA,NA,NA,NA,NA,NA,NA,NA,NA,NA,NA,NA,NA,NA,NA,NA,NA,NA,NA,NA,NA,NA,NA,NA,NA,NA,NA,NA,NA,NA,NA,"E: Erroneous Data","E: Erroneous Data","E: Erroneous Data","E: Erroneous Data","E: Erroneous Data","E: Erroneous Data","E: Erroneous Data","E: Uncertainty","E: Erroneous Data","E: Erroneous Data","E: Uncertainty","E: Erroneous Data","E: Uncertainty","E: Erroneous Data","E: Erroneous Data","E: Erroneous Data","E: Erroneous Data","E: Erroneous Data","E: Erroneous Data","E: Erroneous Data","E: Erroneous Data","E: Uncertainty","E: Uncertainty","E: Erroneous Data","E: Erroneous Data","E: Erroneous Data","E: Erroneous Data","E: Erroneous Data","E: Erroneous Data","E: Uncertainty","E: Uncertainty","E: Uncertainty","E: Uncertainty","E: Erroneous Data","E: Uncertainty","E: Erroneous Data","E: Erroneous Data","E: Erroneous Data","E: Erroneous Data","E: Erroneous Data"
"2022-09-06 14:00:00","PM10",NA,0,0,197.9383,775.0393,77.0428,159.6767,4.1743,0,0,NA,86.6839,0,0,3.0867,4.509,0,0,0.4641,NA,1.6749,NA,0,NA,0,12.2173,0,NA,0,0,NA,NA,0,0,0,0,0,0,NA,0,"E: Uncertainty",NA,NA,NA,NA,NA,NA,NA,NA,NA,"E: Uncertainty",NA,NA,NA,NA,NA,NA,NA,NA,"E: Uncertainty",NA,"E: Uncertainty",NA,"E: Uncertainty",NA,NA,NA,"E: Uncertainty",NA,NA,"E: Uncertainty","E: Uncertainty",NA,NA,NA,NA,NA,NA,"E: Uncertainty",NA
"2022-09-06 15:00:00","PM2.5",NA,0,0,246.8232,508.5929,59.4341,81.4146,NA,0,NA,0,39.2193,0,NA,1.8617,9.2364,0,0,0,NA,3.1561,NA,0,0,0,NA,NA,NA,0,NA,NA,0,0,0,0,0,0,0,2.2072,0,"E: Uncertainty",NA,NA,NA,NA,NA,NA,"E: Uncertainty",NA,"E: Uncertainty",NA,NA,NA,"E: Uncertainty",NA,NA,NA,NA,NA,"E: Uncertainty",NA,"E: Uncertainty",NA,NA,NA,"E: Uncertainty","E: Uncertainty","E: Uncertainty",NA,"E: Uncertainty","E: Uncertainty",NA,NA,NA,NA,NA,NA,NA,NA,NA
"2022-09-06 16:00:00","PM10",NA,0,0,309.5412,1949.7315,110.3337,162.1496,4.2643,NA,0,NA,105.4126,0,NA,3.5026,4.2037,0,0,0,0,4.4207,NA,0,0,0,NA,NA,NA,0,0,NA,NA,0,0,0,0,0,0,NA,0,"E: Uncertainty",NA,NA,NA,NA,NA,NA,NA,"E: Uncertainty",NA,"E: Uncertainty",NA,NA,"E: Uncertainty",NA,NA,NA,NA,NA,NA,NA,"E: Uncertainty",NA,NA,NA,"E: Uncertainty","E: Uncertainty","E: Uncertainty",NA,NA,"E: Uncertainty","E: Uncertainty",NA,NA,NA,NA,NA,NA,"E: Uncertainty",NA
"2022-09-06 17:00:00","PM2.5",NA,0,0,277.8374,972.4561,62.0638,60.0851,NA,0,NA,NA,38.7584,0,NA,1.1532,3.7,0,0,4.8544,0,2.4543,NA,NA,0,0,NA,NA,0,0,NA,0,0,0,NA,0,0,0,0,1.1468,0,"E: Uncertainty",NA,NA,NA,NA,NA,NA,"E: Uncertainty",NA,"E: Uncertainty","E: Uncertainty",NA,NA,"E: Uncertainty",NA,NA,NA,NA,NA,NA,NA,"E: Uncertainty","E: Uncertainty",NA,NA,"E: Uncertainty","E: Uncertainty",NA,NA,"E: Uncertainty",NA,NA,NA,"E: Uncertainty",NA,NA,NA,NA,NA,NA
"2022-09-06 18:00:00","PM10",NA,0,0,392.0515,3282.5715,122.2551,235.3385,3.8253,0,0,NA,113.3401,0,NA,4.1837,5.9778,0,0,NA,NA,4.4243,2.7064,NA,NA,0,NA,NA,0,0,NA,0,NA,0,0,0,0,0,0,2.5289,0,"E: Uncertainty",NA,NA,NA,NA,NA,NA,NA,NA,NA,"E: Uncertainty",NA,NA,"E: Uncertainty",NA,NA,NA,NA,"E: Uncertainty","E: Uncertainty",NA,NA,"E: Uncertainty","E: Uncertainty",NA,"E: Uncertainty","E: Uncertainty",NA,NA,"E: Uncertainty",NA,"E: Uncertainty",NA,NA,NA,NA,NA,NA,NA,NA
"2022-09-06 19:00:00","PM2.5",NA,0,0,255.1037,1016.8562,65.7599,87.6932,NA,0,0,NA,34.1212,0,0,1.4854,4.5232,0,0,NA,0,2.8765,1.5018,0,0,0,9.9456,NA,0,0,0,0,NA,0,0,NA,0,0,0,2.4678,0,"E: Uncertainty",NA,NA,NA,NA,NA,NA,"E: Uncertainty",NA,NA,"E: Uncertainty",NA,NA,NA,NA,NA,NA,NA,"E: Uncertainty",NA,NA,NA,NA,NA,NA,NA,"E: Uncertainty",NA,NA,NA,NA,"E: Uncertainty",NA,NA,"E: Uncertainty",NA,NA,NA,NA,NA
"2022-09-06 20:00:00","PM10",NA,0,0,355.2091,2933.8246,145.3592,250.7168,NA,NA,NA,NA,62.3902,0,0,2.1029,7.6478,0,0,1.0028,NA,4.4037,NA,0,0,0,NA,NA,0,0,0,NA,NA,NA,0,0,0,0,0,1.2306,0,"E: Uncertainty",NA,NA,NA,NA,NA,NA,"E: Uncertainty","E: Uncertainty","E: Uncertainty","E: Uncertainty",NA,NA,NA,NA,NA,NA,NA,NA,"E: Uncertainty",NA,"E: Uncertainty",NA,NA,NA,"E: Uncertainty","E: Uncertainty",NA,NA,NA,"E: Uncertainty","E: Uncertainty","E: Uncertainty",NA,NA,NA,NA,NA,NA,NA
"2022-09-06 21:00:00","PM2.5",NA,NA,NA,NA,NA,NA,NA,NA,NA,NA,NA,NA,NA,NA,NA,NA,NA,NA,NA,NA,NA,NA,NA,NA,NA,NA,NA,NA,NA,NA,NA,NA,NA,NA,NA,NA,NA,NA,NA,NA,"E: Uncertainty","E: Erroneous Data","E: Erroneous Data","E: Erroneous Data","E: Erroneous Data","E: Erroneous Data","E: Erroneous Data","E: Uncertainty","E: Uncertainty","E: Uncertainty","E: Uncertainty","E: Erroneous Data","E: Erroneous Data","E: Erroneous Data","E: Erroneous Data","E: Erroneous Data","E: Erroneous Data","E: Erroneous Data","E: Erroneous Data","E: Erroneous Data","E: Erroneous Data","E: Uncertainty","E: Erroneous Data","E: Erroneous Data","E: Erroneous Data","E: Erroneous Data","E: Uncertainty","E: Uncertainty","E: Erroneous Data","E: Erroneous Data","E: Uncertainty","E: Uncertainty","E: Erroneous Data","E: Erroneous Data","E: Erroneous Data","E: Erroneous Data","E: Uncertainty","E: Erroneous Data","E: Erroneous Data","E: Erroneous Data"
"2022-09-06 22:00:00","PM10",NA,NA,NA,NA,NA,NA,NA,NA,NA,NA,NA,NA,NA,NA,NA,NA,NA,NA,NA,NA,NA,NA,NA,NA,NA,NA,NA,NA,NA,NA,NA,NA,NA,NA,NA,NA,NA,NA,NA,NA,"E: Erroneous Data","E: Erroneous Data","E: Erroneous Data","E: Erroneous Data","E: Erroneous Data","E: Erroneous Data","E: Erroneous Data","E: Erroneous Data","E: Uncertainty","E: Uncertainty","E: Uncertainty","E: Erroneous Data","E: Erroneous Data","E: Erroneous Data","E: Erroneous Data","E: Erroneous Data","E: Erroneous Data","E: Erroneous Data","E: Erroneous Data","E: Uncertainty","E: Erroneous Data","E: Uncertainty","E: Uncertainty","E: Erroneous Data","E: Erroneous Data","E: Erroneous Data","E: Erroneous Data","E: Uncertainty","E: Erroneous Data","E: Erroneous Data","E: Erroneous Data","E: Erroneous Data","E: Erroneous Data","E: Erroneous Data","E: Erroneous Data","E: Erroneous Data","E: Erroneous Data","E: Erroneous Data","E: Erroneous Data","E: Erroneous Data"
"2022-09-06 23:00:00","PM2.5",NA,NA,NA,NA,NA,NA,NA,NA,NA,NA,NA,NA,NA,NA,NA,NA,NA,NA,NA,NA,NA,NA,NA,NA,NA,NA,NA,NA,NA,NA,NA,NA,NA,NA,NA,NA,NA,NA,NA,NA,"E: Uncertainty","E: Erroneous Data","E: Erroneous Data","E: Erroneous Data","E: Erroneous Data","E: Erroneous Data","E: Erroneous Data","E: Uncertainty","E: Erroneous Data","E: Erroneous Data","E: Uncertainty","E: Erroneous Data","E: Erroneous Data","E: Uncertainty","E: Uncertainty","E: Erroneous Data","E: Uncertainty","E: Erroneous Data","E: Uncertainty","E: Uncertainty","E: Erroneous Data","E: Uncertainty","E: Erroneous Data","E: Uncertainty","E: Erroneous Data","E: Uncertainty","E: Uncertainty","E: Uncertainty","E: Erroneous Data","E: Uncertainty","E: Uncertainty","E: Uncertainty","E: Erroneous Data","E: Erroneous Data","E: Erroneous Data","E: Erroneous Data","E: Erroneous Data","E: Erroneous Data","E: Erroneous Data","E: Erroneous Data"
"2022-09-07 00:30:00","PM10",NA,0,0,310.9683,3328.7958,101.0417,246.9471,0,NA,0,0,19.1145,0,0,2.4648,NA,0,0,0,0,2.0973,NA,0,0,0,NA,NA,0,0,NA,0,0,NA,0,0,0,0,0,0,0,"E: Uncertainty",NA,NA,NA,NA,NA,NA,NA,"E: Uncertainty",NA,NA,NA,NA,NA,NA,"E: Uncertainty",NA,NA,NA,NA,NA,"E: Uncertainty",NA,NA,NA,"E: Uncertainty","E: Uncertainty",NA,NA,"E: Uncertainty",NA,NA,"E: Uncertainty",NA,NA,NA,NA,NA,NA,NA
"2022-09-07 01:00:00","PM2.5",NA,0,0,200.2496,790.7136,36.5382,144.0402,0,NA,0,0,10.2196,0,NA,0.8884,1.5577,0,0,NA,0,1.6134,NA,0,0,0,15.6839,0,0,0,0.1504,NA,0,0,NA,0,0,0,0,NA,0,"E: Uncertainty",NA,NA,NA,NA,NA,NA,NA,"E: Uncertainty",NA,NA,NA,NA,"E: Uncertainty",NA,NA,NA,NA,"E: Uncertainty",NA,NA,"E: Uncertainty",NA,NA,NA,NA,NA,NA,NA,NA,"E: Uncertainty",NA,NA,"E: Uncertainty",NA,NA,NA,NA,"E: Uncertainty",NA
"2022-09-07 02:00:00","PM10",NA,0,NA,281.3697,2012.5018,94.222,225.8118,NA,NA,0,0,25.7637,NA,0,1.2033,1.8935,0,0,0.4349,0.4785,3.3119,1.7274,0,0,0,9.7809,NA,NA,0,NA,NA,0,0,0,0,0,0,0,1.0808,0,"E: Uncertainty",NA,"E: Uncertainty",NA,NA,NA,NA,"E: Uncertainty","E: Uncertainty",NA,NA,NA,"E: Uncertainty",NA,NA,NA,NA,NA,NA,NA,NA,NA,NA,NA,NA,NA,"E: Uncertainty","E: Uncertainty",NA,"E: Uncertainty","E: Uncertainty",NA,NA,NA,NA,NA,NA,NA,NA,NA
"2022-09-07 03:00:00","PM2.5",821.2821,0,0,183.2322,397.1263,28.9782,22.1598,NA,0,0,0,12.1309,0,0,0.895,3.657,0,0,0.6418,0.0038,2.0037,0,0,NA,0,9.3503,NA,NA,0,0,NA,NA,0,0,0,0,0,0,2.9685,0,NA,NA,NA,NA,NA,NA,NA,"E: Uncertainty",NA,NA,NA,NA,NA,NA,NA,NA,NA,NA,NA,NA,NA,NA,NA,"E: Uncertainty",NA,NA,"E: Uncertainty","E: Uncertainty",NA,NA,"E: Uncertainty","E: Uncertainty",NA,NA,NA,NA,NA,NA,NA,NA
"2022-09-07 04:00:00","PM10",NA,0,0,345.7749,1929.1749,95.3648,80.8197,NA,0,0.0046,0,27.4661,NA,NA,1.0123,2.5293,0,0,NA,NA,4.5597,NA,0,0,0,10.2425,0,0,0,NA,NA,NA,0,0,0,0,0,0,0.9374,0,"E: Uncertainty",NA,NA,NA,NA,NA,NA,"E: Uncertainty",NA,NA,NA,NA,"E: Uncertainty","E: Uncertainty",NA,NA,NA,NA,"E: Uncertainty","E: Uncertainty",NA,"E: Uncertainty",NA,NA,NA,NA,NA,NA,NA,"E: Uncertainty","E: Uncertainty","E: Uncertainty",NA,NA,NA,NA,NA,NA,NA,NA
"2022-09-07 05:00:00","PM2.5",NA,0,0,270.92,633.5808,31.1815,42.6173,NA,NA,0,0,20.0498,0,NA,0.8382,1.8677,0,0,0,NA,2.7879,NA,0,0,0,9.9669,0,0.129,0,0,0,0,NA,0,0,0,0,0,1.1161,0,"E: Uncertainty",NA,NA,NA,NA,NA,NA,"E: Uncertainty","E: Uncertainty",NA,NA,NA,NA,"E: Uncertainty",NA,NA,NA,NA,NA,"E: Uncertainty",NA,"E: Uncertainty",NA,NA,NA,NA,NA,NA,NA,NA,NA,NA,"E: Uncertainty",NA,NA,NA,NA,NA,NA,NA
"2022-09-07 06:00:00","PM10",NA,0,0,529.0165,4634.8305,129.7761,304.4643,NA,NA,NA,NA,110.5855,0,NA,3.5268,3.213,0,0,0,NA,5.5735,1.9689,0,0,0,NA,NA,NA,0,0,NA,NA,NA,0,0,0,0,0,NA,0,"E: Uncertainty",NA,NA,NA,NA,NA,NA,"E: Uncertainty","E: Uncertainty","E: Uncertainty","E: Uncertainty",NA,NA,"E: Uncertainty",NA,NA,NA,NA,NA,"E: Uncertainty",NA,NA,NA,NA,NA,"E: Uncertainty","E: Uncertainty","E: Uncertainty",NA,NA,"E: Uncertainty","E: Uncertainty","E: Uncertainty",NA,NA,NA,NA,NA,"E: Uncertainty",NA
"2022-09-07 07:00:00","PM2.5",NA,0,0,350.3958,1811.0922,52.1124,100.4779,1.1833,0,NA,0,45.8764,0,NA,1.7331,4.2081,0,0,NA,NA,2.8291,1.4749,NA,0,0,14.1625,0,0,0,0,NA,NA,NA,0,0,0,0,0,0,0,"E: Uncertainty",NA,NA,NA,NA,NA,NA,NA,NA,"E: Uncertainty",NA,NA,NA,"E: Uncertainty",NA,NA,NA,NA,"E: Uncertainty","E: Uncertainty",NA,NA,"E: Uncertainty",NA,NA,NA,NA,NA,NA,NA,"E: Uncertainty","E: Uncertainty","E: Uncertainty",NA,NA,NA,NA,NA,NA,NA
"2022-09-07 08:00:00","PM10",NA,NA,0,666.6191,6269.2318,170.3775,399.203,5.4039,NA,NA,1.1502,148.837,0,0.5024,3.1845,5.1142,0,0,NA,0.416,5.6289,3.4245,0,0,NA,10.4778,NA,NA,0,0,NA,0,NA,0,0,0,NA,0,NA,0,"E: Uncertainty","E: Uncertainty",NA,NA,NA,NA,NA,NA,"E: Uncertainty","E: Uncertainty",NA,NA,NA,NA,NA,NA,NA,NA,"E: Uncertainty",NA,NA,NA,NA,NA,"E: Uncertainty",NA,"E: Uncertainty","E: Uncertainty",NA,NA,"E: Uncertainty",NA,"E: Uncertainty",NA,NA,NA,"E: Uncertainty",NA,"E: Uncertainty",NA
"2022-09-07 09:00:00","PM2.5",624.4995,0,0,413.6073,2032.5923,55.1945,84.5151,1.2097,NA,0,0,22.8792,0,NA,1.611,2.5319,0,0,0,NA,2.3747,1.6006,NA,0,NA,0,NA,NA,0,NA,0,0,0,0,0,0,0,0,NA,0,NA,NA,NA,NA,NA,NA,NA,NA,"E: Uncertainty",NA,NA,NA,NA,"E: Uncertainty",NA,NA,NA,NA,NA,"E: Uncertainty",NA,NA,"E: Uncertainty",NA,"E: Uncertainty",NA,"E: Uncertainty","E: Uncertainty",NA,"E: Uncertainty",NA,NA,NA,NA,NA,NA,NA,NA,"E: Uncertainty",NA
"2022-09-07 10:00:00","PM10",NA,0,0,552.3302,4730.697,143.7399,261.0149,4.6012,NA,NA,NA,97.6919,0,NA,2.6202,8.88,0,0,0,NA,4.7204,2.2916,0,0,0,NA,NA,NA,0,NA,0,NA,NA,0,0,0,0,0,2.025,0,"E: Uncertainty",NA,NA,NA,NA,NA,NA,NA,"E: Uncertainty","E: Uncertainty","E: Uncertainty",NA,NA,"E: Uncertainty",NA,NA,NA,NA,NA,"E: Uncertainty",NA,NA,NA,NA,NA,"E: Uncertainty","E: Uncertainty","E: Uncertainty",NA,"E: Uncertainty",NA,"E: Uncertainty","E: Uncertainty",NA,NA,NA,NA,NA,NA,NA
"2022-09-07 11:00:00","PM2.5",NA,NA,NA,NA,NA,NA,NA,NA,NA,NA,NA,NA,NA,NA,NA,NA,NA,NA,NA,NA,NA,NA,NA,NA,NA,NA,NA,NA,NA,NA,NA,NA,NA,NA,NA,NA,NA,NA,NA,NA,"E: Uncertainty","E: Erroneous Data","E: Erroneous Data","E: Erroneous Data","E: Erroneous Data","E: Erroneous Data","E: Erroneous Data","E: Erroneous Data","E: Uncertainty","E: Uncertainty","E: Erroneous Data","E: Erroneous Data","E: Erroneous Data","E: Uncertainty","E: Erroneous Data","E: Erroneous Data","E: Erroneous Data","E: Erroneous Data","E: Erroneous Data","E: Uncertainty","E: Erroneous Data","E: Uncertainty","E: Erroneous Data","E: Erroneous Data","E: Erroneous Data","E: Erroneous Data","E: Erroneous Data","E: Erroneous Data","E: Erroneous Data","E: Uncertainty","E: Uncertainty","E: Uncertainty","E: Erroneous Data","E: Erroneous Data","E: Erroneous Data","E: Erroneous Data","E: Erroneous Data","E: Erroneous Data","E: Erroneous Data","E: Erroneous Data"
"2022-09-07 12:00:00","PM10",NA,NA,NA,NA,NA,NA,NA,NA,NA,NA,NA,NA,NA,NA,NA,NA,NA,NA,NA,NA,NA,NA,NA,NA,NA,NA,NA,NA,NA,NA,NA,NA,NA,NA,NA,NA,NA,NA,NA,NA,"E: Erroneous Data","E: Uncertainty","E: Erroneous Data","E: Erroneous Data","E: Erroneous Data","E: Erroneous Data","E: Erroneous Data","E: Erroneous Data","E: Erroneous Data","E: Uncertainty","E: Erroneous Data","E: Erroneous Data","E: Erroneous Data","E: Erroneous Data","E: Erroneous Data","E: Erroneous Data","E: Erroneous Data","E: Erroneous Data","E: Erroneous Data","E: Uncertainty","E: Erroneous Data","E: Erroneous Data","E: Erroneous Data","E: Erroneous Data","E: Erroneous Data","E: Uncertainty","E: Uncertainty","E: Erroneous Data","E: Erroneous Data","E: Uncertainty","E: Uncertainty","E: Erroneous Data","E: Uncertainty","E: Erroneous Data","E: Erroneous Data","E: Erroneous Data","E: Erroneous Data","E: Erroneous Data","E: Erroneous Data","E: Erroneous Data"
"2022-09-07 13:00:00","PM2.5",NA,NA,NA,NA,NA,NA,NA,NA,NA,NA,NA,NA,NA,NA,NA,NA,NA,NA,NA,NA,NA,NA,NA,NA,NA,NA,NA,NA,NA,NA,NA,NA,NA,NA,NA,NA,NA,NA,NA,NA,"E: Uncertainty","E: Uncertainty","E: Erroneous Data","E: Erroneous Data","E: Erroneous Data","E: Erroneous Data","E: Erroneous Data","E: Erroneous Data","E: Erroneous Data","E: Uncertainty","E: Uncertainty","E: Erroneous Data","E: Uncertainty","E: Uncertainty","E: Erroneous Data","E: Erroneous Data","E: Erroneous Data","E: Erroneous Data","E: Uncertainty","E: Erroneous Data","E: Erroneous Data","E: Uncertainty","E: Erroneous Data","E: Erroneous Data","E: Erroneous Data","E: Erroneous Data","E: Uncertainty","E: Uncertainty","E: Erroneous Data","E: Erroneous Data","E: Uncertainty","E: Erroneous Data","E: Uncertainty","E: Erroneous Data","E: Erroneous Data","E: Erroneous Data","E: Uncertainty","E: Erroneous Data","E: Erroneous Data","E: Erroneous Data"
"2022-09-07 14:00:00","PM10",NA,NA,NA,NA,NA,NA,NA,NA,NA,NA,NA,NA,NA,NA,NA,NA,NA,NA,NA,NA,NA,NA,NA,NA,NA,NA,NA,NA,NA,NA,NA,NA,NA,NA,NA,NA,NA,NA,NA,NA,"E: Erroneous Data","E: Uncertainty","E: Erroneous Data","E: Erroneous Data","E: Erroneous Data","E: Erroneous Data","E: Erroneous Data","E: Erroneous Data","E: Erroneous Data","E: Uncertainty","E: Erroneous Data","E: Erroneous Data","E: Erroneous Data","E: Uncertainty","E: Erroneous Data","E: Erroneous Data","E: Erroneous Data","E: Erroneous Data","E: Erroneous Data","E: Uncertainty","E: Erroneous Data","E: Uncertainty","E: Erroneous Data","E: Uncertainty","E: Erroneous Data","E: Uncertainty","E: Uncertainty","E: Erroneous Data","E: Erroneous Data","E: Uncertainty","E: Erroneous Data","E: Uncertainty","E: Erroneous Data","E: Erroneous Data","E: Erroneous Data","E: Erroneous Data","E: Erroneous Data","E: Erroneous Data","E: Erroneous Data","E: Erroneous Data"
"2022-09-07 15:00:00","PM2.5",NA,NA,NA,NA,NA,NA,NA,NA,NA,NA,NA,NA,NA,NA,NA,NA,NA,NA,NA,NA,NA,NA,NA,NA,NA,NA,NA,NA,NA,NA,NA,NA,NA,NA,NA,NA,NA,NA,NA,NA,"E: Uncertainty","E: Erroneous Data","E: Erroneous Data","E: Erroneous Data","E: Erroneous Data","E: Erroneous Data","E: Erroneous Data","E: Erroneous Data","E: Uncertainty","E: Uncertainty","E: Uncertainty","E: Erroneous Data","E: Erroneous Data","E: Uncertainty","E: Erroneous Data","E: Erroneous Data","E: Erroneous Data","E: Erroneous Data","E: Uncertainty","E: Uncertainty","E: Erroneous Data","E: Uncertainty","E: Erroneous Data","E: Erroneous Data","E: Erroneous Data","E: Uncertainty","E: Uncertainty","E: Uncertainty","E: Erroneous Data","E: Uncertainty","E: Uncertainty","E: Erroneous Data","E: Erroneous Data","E: Erroneous Data","E: Erroneous Data","E: Erroneous Data","E: Erroneous Data","E: Erroneous Data","E: Uncertainty","E: Erroneous Data"
"2022-09-07 16:00:00","PM10",NA,NA,NA,NA,NA,NA,NA,NA,NA,NA,NA,NA,NA,NA,NA,NA,NA,NA,NA,NA,NA,NA,NA,NA,NA,NA,NA,NA,NA,NA,NA,NA,NA,NA,NA,NA,NA,NA,NA,NA,"E: Erroneous Data","E: Erroneous Data","E: Erroneous Data","E: Erroneous Data","E: Erroneous Data","E: Erroneous Data","E: Erroneous Data","E: Erroneous Data","E: Erroneous Data","E: Uncertainty","E: Uncertainty","E: Erroneous Data","E: Erroneous Data","E: Uncertainty","E: Erroneous Data","E: Erroneous Data","E: Erroneous Data","E: Erroneous Data","E: Uncertainty","E: Erroneous Data","E: Erroneous Data","E: Uncertainty","E: Uncertainty","E: Erroneous Data","E: Erroneous Data","E: Uncertainty","E: Uncertainty","E: Uncertainty","E: Erroneous Data","E: Erroneous Data","E: Uncertainty","E: Uncertainty","E: Uncertainty","E: Erroneous Data","E: Erroneous Data","E: Erroneous Data","E: Uncertainty","E: Erroneous Data","E: Erroneous Data","E: Erroneous Data"
"2022-09-07 17:00:00","PM2.5",NA,NA,NA,NA,NA,NA,NA,NA,NA,NA,NA,NA,NA,NA,NA,NA,NA,NA,NA,NA,NA,NA,NA,NA,NA,NA,NA,NA,NA,NA,NA,NA,NA,NA,NA,NA,NA,NA,NA,NA,"E: Uncertainty","E: Erroneous Data","E: Erroneous Data","E: Erroneous Data","E: Erroneous Data","E: Erroneous Data","E: Erroneous Data","E: Erroneous Data","E: Erroneous Data","E: Erroneous Data","E: Uncertainty","E: Erroneous Data","E: Uncertainty","E: Erroneous Data","E: Erroneous Data","E: Erroneous Data","E: Erroneous Data","E: Erroneous Data","E: Erroneous Data","E: Uncertainty","E: Erroneous Data","E: Uncertainty","E: Erroneous Data","E: Erroneous Data","E: Erroneous Data","E: Erroneous Data","E: Uncertainty","E: Uncertainty","E: Erroneous Data","E: Uncertainty","E: Erroneous Data","E: Uncertainty","E: Uncertainty","E: Erroneous Data","E: Erroneous Data","E: Erroneous Data","E: Uncertainty","E: Erroneous Data","E: Erroneous Data","E: Erroneous Data"
"2022-09-07 18:00:00","PM10",NA,NA,NA,NA,NA,NA,NA,NA,NA,NA,NA,NA,NA,NA,NA,NA,NA,NA,NA,NA,NA,NA,NA,NA,NA,NA,NA,NA,NA,NA,NA,NA,NA,NA,NA,NA,NA,NA,NA,NA,"E: Erroneous Data","E: Erroneous Data","E: Erroneous Data","E: Erroneous Data","E: Erroneous Data","E: Erroneous Data","E: Erroneous Data","E: Erroneous Data","E: Erroneous Data","E: Uncertainty","E: Erroneous Data","E: Erroneous Data","E: Erroneous Data","E: Uncertainty","E: Erroneous Data","E: Erroneous Data","E: Erroneous Data","E: Erroneous Data","E: Erroneous Data","E: Erroneous Data","E: Erroneous Data","E: Uncertainty","E: Erroneous Data","E: Erroneous Data","E: Erroneous Data","E: Uncertainty","E: Uncertainty","E: Uncertainty","E: Erroneous Data","E: Erroneous Data","E: Uncertainty","E: Uncertainty","E: Erroneous Data","E: Erroneous Data","E: Erroneous Data","E: Erroneous Data","E: Erroneous Data","E: Erroneous Data","E: Erroneous Data","E: Erroneous Data"
"2022-09-07 19:00:00","PM2.5",NA,NA,NA,NA,NA,NA,NA,NA,NA,NA,NA,NA,NA,NA,NA,NA,NA,NA,NA,NA,NA,NA,NA,NA,NA,NA,NA,NA,NA,NA,NA,NA,NA,NA,NA,NA,NA,NA,NA,NA,"E: Erroneous Data","E: Erroneous Data","E: Erroneous Data","E: Erroneous Data","E: Erroneous Data","E: Erroneous Data","E: Erroneous Data","E: Uncertainty","E: Erroneous Data","E: Erroneous Data","E: Uncertainty","E: Erroneous Data","E: Erroneous Data","E: Erroneous Data","E: Erroneous Data","E: Erroneous Data","E: Erroneous Data","E: Erroneous Data","E: Erroneous Data","E: Uncertainty","E: Erroneous Data","E: Uncertainty","E: Uncertainty","E: Erroneous Data","E: Erroneous Data","E: Uncertainty","E: Uncertainty","E: Uncertainty","E: Erroneous Data","E: Uncertainty","E: Erroneous Data","E: Uncertainty","E: Uncertainty","E: Erroneous Data","E: Erroneous Data","E: Erroneous Data","E: Erroneous Data","E: Erroneous Data","E: Uncertainty","E: Erroneous Data"
"2022-09-07 20:00:00","PM10",NA,NA,NA,NA,NA,NA,NA,NA,NA,NA,NA,NA,NA,NA,NA,NA,NA,NA,NA,NA,NA,NA,NA,NA,NA,NA,NA,NA,NA,NA,NA,NA,NA,NA,NA,NA,NA,NA,NA,NA,"E: Erroneous Data","E: Erroneous Data","E: Erroneous Data","E: Erroneous Data","E: Erroneous Data","E: Erroneous Data","E: Erroneous Data","E: Uncertainty","E: Uncertainty","E: Uncertainty","E: Uncertainty","E: Erroneous Data","E: Erroneous Data","E: Erroneous Data","E: Erroneous Data","E: Erroneous Data","E: Erroneous Data","E: Uncertainty","E: Erroneous Data","E: Uncertainty","E: Erroneous Data","E: Erroneous Data","E: Erroneous Data","E: Erroneous Data","E: Erroneous Data","E: Uncertainty","E: Uncertainty","E: Uncertainty","E: Erroneous Data","E: Erroneous Data","E: Uncertainty","E: Erroneous Data","E: Uncertainty","E: Erroneous Data","E: Erroneous Data","E: Erroneous Data","E: Erroneous Data","E: Erroneous Data","E: Uncertainty","E: Erroneous Data"
"2022-09-07 21:00:00","PM2.5",NA,NA,NA,NA,NA,NA,NA,NA,NA,NA,NA,NA,NA,NA,NA,NA,NA,NA,NA,NA,NA,NA,NA,NA,NA,NA,NA,NA,NA,NA,NA,NA,NA,NA,NA,NA,NA,NA,NA,NA,"E: Uncertainty","E: Erroneous Data","E: Erroneous Data","E: Erroneous Data","E: Erroneous Data","E: Erroneous Data","E: Erroneous Data","E: Erroneous Data","E: Erroneous Data","E: Erroneous Data","E: Erroneous Data","E: Erroneous Data","E: Uncertainty","E: Uncertainty","E: Erroneous Data","E: Erroneous Data","E: Erroneous Data","E: Erroneous Data","E: Erroneous Data","E: Uncertainty","E: Erroneous Data","E: Uncertainty","E: Erroneous Data","E: Erroneous Data","E: Erroneous Data","E: Erroneous Data","E: Uncertainty","E: Erroneous Data","E: Erroneous Data","E: Uncertainty","E: Erroneous Data","E: Uncertainty","E: Uncertainty","E: Erroneous Data","E: Uncertainty","E: Erroneous Data","E: Erroneous Data","E: Erroneous Data","E: Erroneous Data","E: Erroneous Data"
"2022-09-07 22:00:00","PM10",NA,NA,NA,NA,NA,NA,NA,NA,NA,NA,NA,NA,NA,NA,NA,NA,NA,NA,NA,NA,NA,NA,NA,NA,NA,NA,NA,NA,NA,NA,NA,NA,NA,NA,NA,NA,NA,NA,NA,NA,"E: Erroneous Data","E: Erroneous Data","E: Erroneous Data","E: Erroneous Data","E: Erroneous Data","E: Erroneous Data","E: Erroneous Data","E: Uncertainty","E: Uncertainty","E: Erroneous Data","E: Uncertainty","E: Erroneous Data","E: Erroneous Data","E: Erroneous Data","E: Erroneous Data","E: Erroneous Data","E: Erroneous Data","E: Erroneous Data","E: Uncertainty","E: Uncertainty","E: Erroneous Data","E: Erroneous Data","E: Uncertainty","E: Erroneous Data","E: Erroneous Data","E: Uncertainty","E: Erroneous Data","E: Uncertainty","E: Erroneous Data","E: Erroneous Data","E: Uncertainty","E: Uncertainty","E: Uncertainty","E: Erroneous Data","E: Uncertainty","E: Erroneous Data","E: Erroneous Data","E: Erroneous Data","E: Erroneous Data","E: Erroneous Data"
"2022-09-07 23:00:00","PM2.5",NA,NA,NA,NA,NA,NA,NA,NA,NA,NA,NA,NA,NA,NA,NA,NA,NA,NA,NA,NA,NA,NA,NA,NA,NA,NA,NA,NA,NA,NA,NA,NA,NA,NA,NA,NA,NA,NA,NA,NA,"E: Uncertainty","E: Erroneous Data","E: Erroneous Data","E: Erroneous Data","E: Erroneous Data","E: Erroneous Data","E: Erroneous Data","E: Erroneous Data","E: Uncertainty","E: Uncertainty","E: Erroneous Data","E: Erroneous Data","E: Uncertainty","E: Erroneous Data","E: Uncertainty","E: Erroneous Data","E: Erroneous Data","E: Erroneous Data","E: Erroneous Data","E: Erroneous Data","E: Erroneous Data","E: Uncertainty","E: Erroneous Data","E: Erroneous Data","E: Erroneous Data","E: Uncertainty","E: Uncertainty","E: Uncertainty","E: Erroneous Data","E: Uncertainty","E: Uncertainty","E: Uncertainty","E: Uncertainty","E: Erroneous Data","E: Erroneous Data","E: Uncertainty","E: Erroneous Data","E: Erroneous Data","E: Erroneous Data","E: Erroneous Data"
"2022-09-08 00:30:00","PM10",NA,0,0,201.0693,1282.3344,205.0457,228.001,NA,0,NA,0,35.2094,NA,NA,1.224,1.0966,0,0,0,NA,1.332,NA,0,0,0,NA,0,0,0,0,0,NA,NA,0,0,0,0,0,NA,0,"E: Uncertainty",NA,NA,NA,NA,NA,NA,"E: Uncertainty",NA,"E: Uncertainty",NA,NA,"E: Uncertainty","E: Uncertainty",NA,NA,NA,NA,NA,"E: Uncertainty",NA,"E: Uncertainty",NA,NA,NA,"E: Uncertainty",NA,NA,NA,NA,NA,"E: Uncertainty","E: Uncertainty",NA,NA,NA,NA,NA,"E: Uncertainty",NA
"2022-09-08 01:00:00","PM2.5",NA,0,0,148.648,333.3625,49.5635,27.8348,NA,NA,0,0,9.513,NA,NA,0.8143,1.3438,0,0,NA,NA,1.1269,NA,0,0,0,22.0913,NA,NA,0,0,NA,NA,0,0,0,0,0,0,0,0,"E: Uncertainty",NA,NA,NA,NA,NA,NA,"E: Uncertainty","E: Uncertainty",NA,NA,NA,"E: Uncertainty","E: Uncertainty",NA,NA,NA,NA,"E: Uncertainty","E: Uncertainty",NA,"E: Uncertainty",NA,NA,NA,NA,"E: Uncertainty","E: Uncertainty",NA,NA,"E: Uncertainty","E: Uncertainty",NA,NA,NA,NA,NA,NA,NA,NA
"2022-09-08 02:00:00","PM10",NA,0,0,215.1958,1383.7528,86.177,59.8995,NA,NA,0,NA,28.1668,0,NA,1.7382,1.5526,0,0,0.4999,NA,1.8662,NA,0,0,0,NA,NA,NA,0,0,0,NA,0,0,NA,0,NA,0,0,0,"E: Uncertainty",NA,NA,NA,NA,NA,NA,"E: Uncertainty","E: Uncertainty",NA,"E: Uncertainty",NA,NA,"E: Uncertainty",NA,NA,NA,NA,NA,"E: Uncertainty",NA,"E: Uncertainty",NA,NA,NA,"E: Uncertainty","E: Uncertainty","E: Uncertainty",NA,NA,NA,"E: Uncertainty",NA,NA,"E: Uncertainty",NA,"E: Uncertainty",NA,NA,NA
"2022-09-08 03:00:00","PM2.5",NA,NA,NA,NA,NA,NA,NA,NA,NA,NA,NA,NA,NA,NA,NA,NA,NA,NA,NA,NA,NA,NA,NA,NA,NA,NA,NA,NA,NA,NA,NA,NA,NA,NA,NA,NA,NA,NA,NA,NA,"E: Uncertainty","E: Erroneous Data","E: Erroneous Data","E: Erroneous Data","E: Erroneous Data","E: Erroneous Data","E: Erroneous Data","E: Erroneous Data","E: Uncertainty","E: Erroneous Data","E: Erroneous Data","E: Erroneous Data","E: Erroneous Data","E: Erroneous Data","E: Erroneous Data","E: Erroneous Data","E: Erroneous Data","E: Erroneous Data","E: Erroneous Data","E: Uncertainty","E: Erroneous Data","E: Uncertainty","E: Erroneous Data","E: Erroneous Data","E: Erroneous Data","E: Uncertainty","E: Erroneous Data","E: Uncertainty","E: Erroneous Data","E: Erroneous Data","E: Uncertainty","E: Erroneous Data","E: Uncertainty","E: Erroneous Data","E: Erroneous Data","E: Erroneous Data","E: Erroneous Data","E: Erroneous Data","E: Erroneous Data","E: Erroneous Data"
"2022-09-08 04:00:00","PM10",NA,NA,NA,NA,NA,NA,NA,NA,NA,NA,NA,NA,NA,NA,NA,NA,NA,NA,NA,NA,NA,NA,NA,NA,NA,NA,NA,NA,NA,NA,NA,NA,NA,NA,NA,NA,NA,NA,NA,NA,"E: Erroneous Data","E: Erroneous Data","E: Erroneous Data","E: Erroneous Data","E: Erroneous Data","E: Erroneous Data","E: Erroneous Data","E: Erroneous Data","E: Erroneous Data","E: Uncertainty","E: Erroneous Data","E: Erroneous Data","E: Uncertainty","E: Uncertainty","E: Erroneous Data","E: Erroneous Data","E: Erroneous Data","E: Erroneous Data","E: Erroneous Data","E: Uncertainty","E: Erroneous Data","E: Uncertainty","E: Erroneous Data","E: Erroneous Data","E: Erroneous Data","E: Erroneous Data","E: Uncertainty","E: Erroneous Data","E: Erroneous Data","E: Uncertainty","E: Erroneous Data","E: Erroneous Data","E: Uncertainty","E: Erroneous Data","E: Erroneous Data","E: Erroneous Data","E: Uncertainty","E: Erroneous Data","E: Erroneous Data","E: Erroneous Data"
"2022-09-08 05:00:00","PM2.5",NA,NA,NA,NA,NA,NA,NA,NA,NA,NA,NA,NA,NA,NA,NA,NA,NA,NA,NA,NA,NA,NA,NA,NA,NA,NA,NA,NA,NA,NA,NA,NA,NA,NA,NA,NA,NA,NA,NA,NA,"E: Erroneous Data","E: Erroneous Data","E: Erroneous Data","E: Erroneous Data","E: Erroneous Data","E: Erroneous Data","E: Erroneous Data","E: Erroneous Data","E: Erroneous Data","E: Erroneous Data","E: Erroneous Data","E: Erroneous Data","E: Erroneous Data","E: Uncertainty","E: Erroneous Data","E: Erroneous Data","E: Uncertainty","E: Erroneous Data","E: Erroneous Data","E: Uncertainty","E: Erroneous Data","E: Uncertainty","E: Erroneous Data","E: Erroneous Data","E: Erroneous Data","E: Erroneous Data","E: Erroneous Data","E: Erroneous Data","E: Erroneous Data","E: Uncertainty","E: Erroneous Data","E: Erroneous Data","E: Uncertainty","E: Erroneous Data","E: Erroneous Data","E: Erroneous Data","E: Erroneous Data","E: Erroneous Data","E: Erroneous Data","E: Erroneous Data"
"2022-09-08 06:00:00","PM10",NA,0,0,422.0119,783.921,67.3063,60.2396,1.8158,NA,NA,0.0051,134.3622,0,NA,4.7731,4.4103,0,0,0.758,0,4.1925,NA,0,NA,0,NA,NA,0,0,0,0,0,NA,0,0,0,0,0,0,0,"E: Uncertainty",NA,NA,NA,NA,NA,NA,NA,"E: Uncertainty","E: Uncertainty",NA,NA,NA,"E: Uncertainty",NA,NA,NA,NA,NA,NA,NA,"E: Uncertainty",NA,"E: Uncertainty",NA,"E: Uncertainty","E: Uncertainty",NA,NA,NA,NA,NA,"E: Uncertainty",NA,NA,NA,NA,NA,NA,NA
"2022-09-08 07:00:00","PM2.5",NA,NA,NA,NA,NA,NA,NA,NA,NA,NA,NA,NA,NA,NA,NA,NA,NA,NA,NA,NA,NA,NA,NA,NA,NA,NA,NA,NA,NA,NA,NA,NA,NA,NA,NA,NA,NA,NA,NA,NA,"E: Erroneous Data","E: Erroneous Data","E: Erroneous Data","E: Erroneous Data","E: Erroneous Data","E: Erroneous Data","E: Erroneous Data","E: Uncertainty","E: Erroneous Data","E: Uncertainty","E: Erroneous Data","E: Erroneous Data","E: Erroneous Data","E: Erroneous Data","E: Erroneous Data","E: Erroneous Data","E: Erroneous Data","E: Erroneous Data","E: Uncertainty","E: Uncertainty","E: Erroneous Data","E: Uncertainty","E: Erroneous Data","E: Uncertainty","E: Erroneous Data","E: Erroneous Data","E: Uncertainty","E: Erroneous Data","E: Erroneous Data","E: Erroneous Data","E: Uncertainty","E: Erroneous Data","E: Uncertainty","E: Erroneous Data","E: Erroneous Data","E: Uncertainty","E: Uncertainty","E: Erroneous Data","E: Uncertainty","E: Erroneous Data"
"2022-09-08 08:00:00","PM10",NA,NA,NA,NA,NA,NA,NA,NA,NA,NA,NA,NA,NA,NA,NA,NA,NA,NA,NA,NA,NA,NA,NA,NA,NA,NA,NA,NA,NA,NA,NA,NA,NA,NA,NA,NA,NA,NA,NA,NA,"E: Erroneous Data","E: Erroneous Data","E: Erroneous Data","E: Erroneous Data","E: Erroneous Data","E: Erroneous Data","E: Erroneous Data","E: Erroneous Data","E: Uncertainty","E: Uncertainty","E: Uncertainty","E: Erroneous Data","E: Uncertainty","E: Uncertainty","E: Erroneous Data","E: Erroneous Data","E: Erroneous Data","E: Erroneous Data","E: Erroneous Data","E: Erroneous Data","E: Erroneous Data","E: Erroneous Data","E: Erroneous Data","E: Erroneous Data","E: Erroneous Data","E: Erroneous Data","E: Uncertainty","E: Erroneous Data","E: Erroneous Data","E: Uncertainty","E: Uncertainty","E: Uncertainty","E: Uncertainty","E: Erroneous Data","E: Erroneous Data","E: Erroneous Data","E: Uncertainty","E: Erroneous Data","E: Erroneous Data","E: Erroneous Data"
"2022-09-08 09:00:00","PM2.5",NA,NA,NA,NA,NA,NA,NA,NA,NA,NA,NA,NA,NA,NA,NA,NA,NA,NA,NA,NA,NA,NA,NA,NA,NA,NA,NA,NA,NA,NA,NA,NA,NA,NA,NA,NA,NA,NA,NA,NA,"E: Uncertainty","E: Erroneous Data","E: Erroneous Data","E: Erroneous Data","E: Erroneous Data","E: Erroneous Data","E: Erroneous Data","E: Erroneous Data","E: Erroneous Data","E: Erroneous Data","E: Erroneous Data","E: Erroneous Data","E: Uncertainty","E: Erroneous Data","E: Erroneous Data","E: Erroneous Data","E: Erroneous Data","E: Erroneous Data","E: Erroneous Data","E: Uncertainty","E: Erroneous Data","E: Uncertainty","E: Erroneous Data","E: Erroneous Data","E: Erroneous Data","E: Erroneous Data","E: Uncertainty","E: Erroneous Data","E: Erroneous Data","E: Erroneous Data","E: Erroneous Data","E: Uncertainty","E: Uncertainty","E: Erroneous Data","E: Erroneous Data","E: Erroneous Data","E: Erroneous Data","E: Erroneous Data","E: Uncertainty","E: Erroneous Data"
"2022-09-08 10:00:00","PM10",NA,NA,0,556.8932,3246.4243,145.7276,166.6525,1.3419,NA,0,NA,94.6851,NA,0,2.4002,4.2068,0,0,1.7405,NA,7.0687,1.9303,0,NA,0,NA,NA,NA,0,0,0,NA,0,0,0,0,0,0,0,0,"E: Uncertainty","E: Uncertainty",NA,NA,NA,NA,NA,NA,"E: Uncertainty",NA,"E: Uncertainty",NA,"E: Uncertainty",NA,NA,NA,NA,NA,NA,"E: Uncertainty",NA,NA,NA,"E: Uncertainty",NA,"E: Uncertainty","E: Uncertainty","E: Uncertainty",NA,NA,NA,"E: Uncertainty",NA,NA,NA,NA,NA,NA,NA,NA
"2022-09-08 14:00:00","PM10",NA,NA,NA,NA,NA,NA,NA,NA,NA,NA,NA,NA,NA,NA,NA,NA,NA,NA,NA,NA,NA,NA,NA,NA,NA,NA,NA,NA,NA,NA,NA,NA,NA,NA,NA,NA,NA,NA,NA,NA,"E: Erroneous Data","E: Erroneous Data","E: Erroneous Data","E: Erroneous Data","E: Erroneous Data","E: Erroneous Data","E: Erroneous Data","E: Erroneous Data","E: Uncertainty","E: Uncertainty","E: Uncertainty","E: Erroneous Data","E: Erroneous Data","E: Erroneous Data","E: Erroneous Data","E: Erroneous Data","E: Erroneous Data","E: Erroneous Data","E: Erroneous Data","E: Erroneous Data","E: Erroneous Data","E: Erroneous Data","E: Erroneous Data","E: Erroneous Data","E: Erroneous Data","E: Erroneous Data","E: Uncertainty","E: Uncertainty","E: Erroneous Data","E: Uncertainty","E: Erroneous Data","E: Erroneous Data","E: Uncertainty","E: Erroneous Data","E: Erroneous Data","E: Uncertainty","E: Uncertainty","E: Erroneous Data","E: Uncertainty","E: Erroneous Data"
"2022-09-08 15:00:00","PM2.5",NA,NA,NA,NA,NA,NA,NA,NA,NA,NA,NA,NA,NA,NA,NA,NA,NA,NA,NA,NA,NA,NA,NA,NA,NA,NA,NA,NA,NA,NA,NA,NA,NA,NA,NA,NA,NA,NA,NA,NA,"E: Uncertainty","E: Erroneous Data","E: Erroneous Data","E: Erroneous Data","E: Erroneous Data","E: Erroneous Data","E: Erroneous Data","E: Uncertainty","E: Erroneous Data","E: Uncertainty","E: Uncertainty","E: Erroneous Data","E: Erroneous Data","E: Erroneous Data","E: Erroneous Data","E: Erroneous Data","E: Erroneous Data","E: Erroneous Data","E: Erroneous Data","E: Erroneous Data","E: Erroneous Data","E: Uncertainty","E: Erroneous Data","E: Erroneous Data","E: Erroneous Data","E: Conc. Uncertainty","E: Uncertainty","E: Erroneous Data","E: Erroneous Data","E: Uncertainty","E: Uncertainty","E: Uncertainty","E: Uncertainty","E: Erroneous Data","E: Erroneous Data","E: Erroneous Data","E: Erroneous Data","E: Erroneous Data","E: Erroneous Data","E: Erroneous Data"
"2022-09-08 16:00:00","PM10",NA,NA,NA,NA,NA,NA,NA,NA,NA,NA,NA,NA,NA,NA,NA,NA,NA,NA,NA,NA,NA,NA,NA,NA,NA,NA,NA,NA,NA,NA,NA,NA,NA,NA,NA,NA,NA,NA,NA,NA,"E: Erroneous Data","E: Erroneous Data","E: Erroneous Data","E: Erroneous Data","E: Erroneous Data","E: Erroneous Data","E: Erroneous Data","E: Erroneous Data","E: Uncertainty","E: Erroneous Data","E: Uncertainty","E: Erroneous Data","E: Erroneous Data","E: Erroneous Data","E: Erroneous Data","E: Erroneous Data","E: Erroneous Data","E: Erroneous Data","E: Erroneous Data","E: Uncertainty","E: Erroneous Data","E: Uncertainty","E: Erroneous Data","E: Erroneous Data","E: Erroneous Data","E: Uncertainty","E: Erroneous Data","E: Uncertainty","E: Erroneous Data","E: Uncertainty","E: Uncertainty","E: Uncertainty","E: Uncertainty","E: Erroneous Data","E: Uncertainty","E: Erroneous Data","E: Erroneous Data","E: Erroneous Data","E: Erroneous Data","E: Erroneous Data"
"2022-09-08 17:00:00","PM2.5",NA,NA,NA,NA,NA,NA,NA,NA,NA,NA,NA,NA,NA,NA,NA,NA,NA,NA,NA,NA,NA,NA,NA,NA,NA,NA,NA,NA,NA,NA,NA,NA,NA,NA,NA,NA,NA,NA,NA,NA,"E: Erroneous Data","E: Erroneous Data","E: Uncertainty","E: Erroneous Data","E: Erroneous Data","E: Erroneous Data","E: Erroneous Data","E: Erroneous Data","E: Erroneous Data","E: Uncertainty","E: Uncertainty","E: Erroneous Data","E: Erroneous Data","E: Uncertainty","E: Erroneous Data","E: Erroneous Data","E: Erroneous Data","E: Erroneous Data","E: Erroneous Data","E: Uncertainty","E: Erroneous Data","E: Uncertainty","E: Erroneous Data","E: Uncertainty","E: Erroneous Data","E: Uncertainty","E: Erroneous Data","E: Erroneous Data","E: Erroneous Data","E: Erroneous Data","E: Uncertainty","E: Erroneous Data","E: Uncertainty","E: Erroneous Data","E: Erroneous Data","E: Erroneous Data","E: Erroneous Data","E: Erroneous Data","E: Erroneous Data","E: Erroneous Data"
"2022-09-08 18:00:00","PM10",NA,NA,0,190.7569,353.9768,80.5121,250.6632,5.8904,0,NA,1.4188,280.3364,0,0,8.9755,14.0709,0,0,1.3232,0,1.3486,NA,0,0,0,15.5422,NA,NA,0,NA,0,0,3.7193,0,0,0,0,0,NA,0,"E: Uncertainty","E: Uncertainty",NA,NA,NA,NA,NA,NA,NA,"E: Uncertainty",NA,NA,NA,NA,NA,NA,NA,NA,NA,NA,NA,"E: Uncertainty",NA,NA,NA,NA,"E: Uncertainty","E: Uncertainty",NA,"E: Uncertainty",NA,NA,NA,NA,NA,NA,NA,NA,"E: Uncertainty",NA
"2022-09-08 19:00:00","PM2.5",NA,NA,NA,NA,NA,NA,NA,NA,NA,NA,NA,NA,NA,NA,NA,NA,NA,NA,NA,NA,NA,NA,NA,NA,NA,NA,NA,NA,NA,NA,NA,NA,NA,NA,NA,NA,NA,NA,NA,NA,"E: Uncertainty","E: Erroneous Data","E: Erroneous Data","E: Erroneous Data","E: Erroneous Data","E: Erroneous Data","E: Erroneous Data","E: Uncertainty","E: Erroneous Data","E: Uncertainty","E: Erroneous Data","E: Erroneous Data","E: Uncertainty","E: Uncertainty","E: Erroneous Data","E: Erroneous Data","E: Erroneous Data","E: Erroneous Data","E: Erroneous Data","E: Uncertainty","E: Erroneous Data","E: Uncertainty","E: Erroneous Data","E: Erroneous Data","E: Erroneous Data","E: Erroneous Data","E: Erroneous Data","E: Uncertainty","E: Erroneous Data","E: Uncertainty","E: Uncertainty","E: Uncertainty","E: Uncertainty","E: Erroneous Data","E: Erroneous Data","E: Erroneous Data","E: Erroneous Data","E: Erroneous Data","E: Uncertainty","E: Erroneous Data"
"2022-09-08 20:00:00","PM10",NA,NA,NA,NA,NA,NA,NA,NA,NA,NA,NA,NA,NA,NA,NA,NA,NA,NA,NA,NA,NA,NA,NA,NA,NA,NA,NA,NA,NA,NA,NA,NA,NA,NA,NA,NA,NA,NA,NA,NA,"E: Erroneous Data","E: Uncertainty","E: Erroneous Data","E: Erroneous Data","E: Erroneous Data","E: Erroneous Data","E: Erroneous Data","E: Erroneous Data","E: Erroneous Data","E: Erroneous Data","E: Erroneous Data","E: Erroneous Data","E: Uncertainty","E: Erroneous Data","E: Erroneous Data","E: Erroneous Data","E: Erroneous Data","E: Erroneous Data","E: Erroneous Data","E: Erroneous Data","E: Erroneous Data","E: Uncertainty","E: Erroneous Data","E: Uncertainty","E: Erroneous Data","E: Erroneous Data","E: Erroneous Data","E: Uncertainty","E: Erroneous Data","E: Erroneous Data","E: Erroneous Data","E: Uncertainty","E: Erroneous Data","E: Erroneous Data","E: Erroneous Data","E: Erroneous Data","E: Erroneous Data","E: Erroneous Data","E: Erroneous Data","E: Erroneous Data"
"2022-09-08 21:00:00","PM2.5",NA,NA,NA,NA,NA,NA,NA,NA,NA,NA,NA,NA,NA,NA,NA,NA,NA,NA,NA,NA,NA,NA,NA,NA,NA,NA,NA,NA,NA,NA,NA,NA,NA,NA,NA,NA,NA,NA,NA,NA,"E: Uncertainty","E: Erroneous Data","E: Erroneous Data","E: Erroneous Data","E: Erroneous Data","E: Erroneous Data","E: Erroneous Data","E: Erroneous Data","E: Erroneous Data","E: Uncertainty","E: Erroneous Data","E: Erroneous Data","E: Uncertainty","E: Erroneous Data","E: Erroneous Data","E: Erroneous Data","E: Erroneous Data","E: Erroneous Data","E: Erroneous Data","E: Uncertainty","E: Erroneous Data","E: Uncertainty","E: Erroneous Data","E: Erroneous Data","E: Erroneous Data","E: Erroneous Data","E: Uncertainty","E: Erroneous Data","E: Erroneous Data","E: Erroneous Data","E: Uncertainty","E: Uncertainty","E: Erroneous Data","E: Erroneous Data","E: Erroneous Data","E: Erroneous Data","E: Erroneous Data","E: Erroneous Data","E: Erroneous Data","E: Erroneous Data"
"2022-09-08 22:00:00","PM10",NA,NA,NA,NA,NA,NA,NA,NA,NA,NA,NA,NA,NA,NA,NA,NA,NA,NA,NA,NA,NA,NA,NA,NA,NA,NA,NA,NA,NA,NA,NA,NA,NA,NA,NA,NA,NA,NA,NA,NA,"E: Erroneous Data","E: Erroneous Data","E: Erroneous Data","E: Erroneous Data","E: Erroneous Data","E: Erroneous Data","E: Erroneous Data","E: Erroneous Data","E: Erroneous Data","E: Erroneous Data","E: Erroneous Data","E: Erroneous Data","E: Uncertainty","E: Uncertainty","E: Erroneous Data","E: Erroneous Data","E: Erroneous Data","E: Erroneous Data","E: Erroneous Data","E: Uncertainty","E: Erroneous Data","E: Uncertainty","E: Erroneous Data","E: Erroneous Data","E: Erroneous Data","E: Erroneous Data","E: Uncertainty","E: Uncertainty","E: Erroneous Data","E: Uncertainty","E: Uncertainty","E: Uncertainty","E: Erroneous Data","E: Erroneous Data","E: Erroneous Data","E: Erroneous Data","E: Erroneous Data","E: Erroneous Data","E: Erroneous Data","E: Erroneous Data"
"2022-09-08 23:00:00","PM2.5",NA,NA,NA,NA,NA,NA,NA,NA,NA,NA,NA,NA,NA,NA,NA,NA,NA,NA,NA,NA,NA,NA,NA,NA,NA,NA,NA,NA,NA,NA,NA,NA,NA,NA,NA,NA,NA,NA,NA,NA,"E: Uncertainty","E: Erroneous Data","E: Erroneous Data","E: Erroneous Data","E: Uncertainty","E: Erroneous Data","E: Erroneous Data","E: Erroneous Data","E: Erroneous Data","E: Uncertainty","E: Uncertainty","E: Erroneous Data","E: Uncertainty","E: Erroneous Data","E: Erroneous Data","E: Erroneous Data","E: Erroneous Data","E: Erroneous Data","E: Erroneous Data","E: Uncertainty","E: Erroneous Data","E: Uncertainty","E: Erroneous Data","E: Uncertainty","E: Erroneous Data","E: Erroneous Data","E: Erroneous Data","E: Uncertainty","E: Erroneous Data","E: Uncertainty","E: Uncertainty","E: Uncertainty","E: Uncertainty","E: Erroneous Data","E: Erroneous Data","E: Erroneous Data","E: Erroneous Data","E: Erroneous Data","E: Erroneous Data","E: Erroneous Data"
"2022-09-09 00:30:00","PM10",NA,0,NA,201.7568,159.407,137.8245,209.2903,2.6022,NA,NA,NA,317.3481,0,0,9.5814,11.7845,0,0,7.8909,NA,2.6523,NA,0,0,0,30.7246,NA,0,0,0,0,NA,NA,0,0,0,0,0,3.9669,0,"E: Uncertainty",NA,"E: Uncertainty",NA,NA,NA,NA,NA,"E: Uncertainty","E: Uncertainty","E: Uncertainty",NA,NA,NA,NA,NA,NA,NA,NA,"E: Uncertainty",NA,"E: Uncertainty",NA,NA,NA,NA,"E: Uncertainty",NA,NA,NA,NA,"E: Uncertainty","E: Uncertainty",NA,NA,NA,NA,NA,NA,NA
"2022-09-09 01:00:00","PM2.5",NA,NA,NA,NA,NA,NA,NA,NA,NA,NA,NA,NA,NA,NA,NA,NA,NA,NA,NA,NA,NA,NA,NA,NA,NA,NA,NA,NA,NA,NA,NA,NA,NA,NA,NA,NA,NA,NA,NA,NA,"E: Erroneous Data","E: Erroneous Data","E: Uncertainty","E: Erroneous Data","E: Erroneous Data","E: Erroneous Data","E: Erroneous Data","E: Erroneous Data","E: Uncertainty","E: Erroneous Data","E: Erroneous Data","E: Erroneous Data","E: Erroneous Data","E: Erroneous Data","E: Erroneous Data","E: Erroneous Data","E: Erroneous Data","E: Erroneous Data","E: Erroneous Data","E: Erroneous Data","E: Erroneous Data","E: Erroneous Data","E: Erroneous Data","E: Erroneous Data","E: Erroneous Data","E: Erroneous Data","E: Uncertainty","E: Uncertainty","E: Erroneous Data","E: Uncertainty","E: Uncertainty","E: Erroneous Data","E: Erroneous Data","E: Erroneous Data","E: Erroneous Data","E: Erroneous Data","E: Erroneous Data","E: Erroneous Data","E: Erroneous Data","E: Erroneous Data"
"2022-09-09 02:00:00","PM10",NA,NA,NA,NA,NA,NA,NA,NA,NA,NA,NA,NA,NA,NA,NA,NA,NA,NA,NA,NA,NA,NA,NA,NA,NA,NA,NA,NA,NA,NA,NA,NA,NA,NA,NA,NA,NA,NA,NA,NA,"E: Erroneous Data","E: Erroneous Data","E: Erroneous Data","E: Erroneous Data","E: Erroneous Data","E: Erroneous Data","E: Erroneous Data","E: Erroneous Data","E: Erroneous Data","E: Erroneous Data","E: Erroneous Data","E: Erroneous Data","E: Uncertainty","E: Erroneous Data","E: Erroneous Data","E: Erroneous Data","E: Erroneous Data","E: Erroneous Data","E: Erroneous Data","E: Uncertainty","E: Erroneous Data","E: Erroneous Data","E: Erroneous Data","E: Uncertainty","E: Uncertainty","E: Erroneous Data","E: Erroneous Data","E: Uncertainty","E: Erroneous Data","E: Erroneous Data","E: Uncertainty","E: Uncertainty","E: Erroneous Data","E: Erroneous Data","E: Erroneous Data","E: Erroneous Data","E: Erroneous Data","E: Erroneous Data","E: Erroneous Data","E: Erroneous Data"
"2022-09-09 03:00:00","PM2.5",NA,NA,NA,NA,NA,NA,NA,NA,NA,NA,NA,NA,NA,NA,NA,NA,NA,NA,NA,NA,NA,NA,NA,NA,NA,NA,NA,NA,NA,NA,NA,NA,NA,NA,NA,NA,NA,NA,NA,NA,"E: Uncertainty","E: Erroneous Data","E: Erroneous Data","E: Erroneous Data","E: Erroneous Data","E: Erroneous Data","E: Erroneous Data","E: Erroneous Data","E: Uncertainty","E: Erroneous Data","E: Erroneous Data","E: Erroneous Data","E: Erroneous Data","E: Erroneous Data","E: Erroneous Data","E: Erroneous Data","E: Erroneous Data","E: Erroneous Data","E: Erroneous Data","E: Uncertainty","E: Erroneous Data","E: Uncertainty","E: Erroneous Data","E: Erroneous Data","E: Erroneous Data","E: Erroneous Data","E: Uncertainty","E: Uncertainty","E: Erroneous Data","E: Erroneous Data","E: Uncertainty","E: Uncertainty","E: Uncertainty","E: Erroneous Data","E: Erroneous Data","E: Erroneous Data","E: Erroneous Data","E: Erroneous Data","E: Erroneous Data","E: Erroneous Data"
"2022-09-09 04:00:00","PM10",NA,0,0,525.7524,0,97.2406,34.1629,1.9731,NA,0,1.4713,115.2354,0,0,5.4681,20.7376,0,0,1.6505,NA,5.8031,NA,0,NA,0,10.1368,NA,NA,0,0,NA,0,NA,0,0,0,0,0,7.8652,0,"E: Uncertainty",NA,NA,NA,NA,NA,NA,NA,"E: Uncertainty",NA,NA,NA,NA,NA,NA,NA,NA,NA,NA,"E: Uncertainty",NA,"E: Uncertainty",NA,"E: Uncertainty",NA,NA,"E: Uncertainty","E: Uncertainty",NA,NA,"E: Uncertainty",NA,"E: Uncertainty",NA,NA,NA,NA,NA,NA,NA
"2022-09-09 05:00:00","PM2.5",712.365,0,0,523.0147,0,80.9181,17.5359,NA,NA,NA,1.5929,83.2429,0,NA,3.515,26.3616,0,0,2.0413,NA,4.0935,NA,0,0,0,12.6829,NA,NA,0,NA,NA,NA,NA,0,0,0,0,0,4.1193,0,NA,NA,NA,NA,NA,NA,NA,"E: Uncertainty","E: Uncertainty","E: Uncertainty",NA,NA,NA,"E: Uncertainty",NA,NA,NA,NA,NA,"E: Uncertainty",NA,"E: Uncertainty",NA,NA,NA,NA,"E: Uncertainty","E: Uncertainty",NA,"E: Uncertainty","E: Uncertainty","E: Uncertainty","E: Uncertainty",NA,NA,NA,NA,NA,NA,NA
"2022-09-09 06:00:00","PM10",NA,NA,0,1292.9489,0,117.195,181.1829,6.4966,0,2.558,4.4931,422.5542,0,NA,20.6535,71.0111,0,0,2.665,0.4336,8.7513,NA,0,NA,0,NA,NA,NA,0,NA,NA,NA,10.8198,0,0,0,0,0,11.0236,0,"E: Uncertainty","E: Uncertainty",NA,NA,NA,NA,NA,NA,NA,NA,NA,NA,NA,"E: Uncertainty",NA,NA,NA,NA,NA,NA,NA,"E: Uncertainty",NA,"E: Uncertainty",NA,"E: Uncertainty","E: Uncertainty","E: Uncertainty",NA,"E: Uncertainty","E: Uncertainty","E: Uncertainty",NA,NA,NA,NA,NA,NA,NA,NA
"2022-09-09 07:00:00","PM2.5",NA,NA,NA,NA,NA,NA,NA,NA,NA,NA,NA,NA,NA,NA,NA,NA,NA,NA,NA,NA,NA,NA,NA,NA,NA,NA,NA,NA,NA,NA,NA,NA,NA,NA,NA,NA,NA,NA,NA,NA,"E: Uncertainty","E: Erroneous Data","E: Erroneous Data","E: Erroneous Data","E: Erroneous Data","E: Erroneous Data","E: Erroneous Data","E: Erroneous Data","E: Uncertainty","E: Erroneous Data","E: Erroneous Data","E: Erroneous Data","E: Erroneous Data","E: Erroneous Data","E: Erroneous Data","E: Erroneous Data","E: Erroneous Data","E: Erroneous Data","E: Erroneous Data","E: Erroneous Data","E: Erroneous Data","E: Uncertainty","E: Erroneous Data","E: Erroneous Data","E: Erroneous Data","E: Uncertainty","E: Erroneous Data","E: Uncertainty","E: Erroneous Data","E: Uncertainty","E: Uncertainty","E: Erroneous Data","E: Uncertainty","E: Erroneous Data","E: Erroneous Data","E: Erroneous Data","E: Erroneous Data","E: Erroneous Data","E: Erroneous Data","E: Erroneous Data"
"2022-09-09 08:00:00","PM10",NA,NA,NA,NA,NA,NA,NA,NA,NA,NA,NA,NA,NA,NA,NA,NA,NA,NA,NA,NA,NA,NA,NA,NA,NA,NA,NA,NA,NA,NA,NA,NA,NA,NA,NA,NA,NA,NA,NA,NA,"E: Erroneous Data","E: Erroneous Data","E: Erroneous Data","E: Erroneous Data","E: Erroneous Data","E: Erroneous Data","E: Erroneous Data","E: Erroneous Data","E: Erroneous Data","E: Erroneous Data","E: Erroneous Data","E: Erroneous Data","E: Uncertainty","E: Erroneous Data","E: Erroneous Data","E: Erroneous Data","E: Erroneous Data","E: Erroneous Data","E: Erroneous Data","E: Erroneous Data","E: Erroneous Data","E: Erroneous Data","E: Erroneous Data","E: Erroneous Data","E: Erroneous Data","E: Erroneous Data","E: Erroneous Data","E: Erroneous Data","E: Erroneous Data","E: Uncertainty","E: Uncertainty","E: Uncertainty","E: Erroneous Data","E: Erroneous Data","E: Erroneous Data","E: Erroneous Data","E: Erroneous Data","E: Erroneous Data","E: Erroneous Data","E: Erroneous Data"
"2022-09-09 09:00:00","PM2.5",NA,NA,NA,NA,NA,NA,NA,NA,NA,NA,NA,NA,NA,NA,NA,NA,NA,NA,NA,NA,NA,NA,NA,NA,NA,NA,NA,NA,NA,NA,NA,NA,NA,NA,NA,NA,NA,NA,NA,NA,"E: Uncertainty","E: Erroneous Data","E: Erroneous Data","E: Erroneous Data","E: Erroneous Data","E: Erroneous Data","E: Erroneous Data","E: Erroneous Data","E: Erroneous Data","E: Erroneous Data","E: Erroneous Data","E: Erroneous Data","E: Erroneous Data","E: Uncertainty","E: Erroneous Data","E: Erroneous Data","E: Erroneous Data","E: Erroneous Data","E: Erroneous Data","E: Erroneous Data","E: Erroneous Data","E: Uncertainty","E: Erroneous Data","E: Erroneous Data","E: Erroneous Data","E: Uncertainty","E: Uncertainty","E: Uncertainty","E: Erroneous Data","E: Erroneous Data","E: Erroneous Data","E: Uncertainty","E: Uncertainty","E: Erroneous Data","E: Erroneous Data","E: Erroneous Data","E: Erroneous Data","E: Erroneous Data","E: Erroneous Data","E: Erroneous Data"
"2022-09-09 10:00:00","PM10",NA,NA,0,1059.8925,0,200.1643,345.0387,11.3742,NA,2.78,6.8971,380.5186,0,0.8086,13.5535,51.4481,0,0,1.1642,1.6538,5.0638,1.6221,0,0,0,NA,0.1018,0,0,NA,0,NA,5.5098,0,0,0,0,0,7.4252,0,"E: Uncertainty","E: Uncertainty",NA,NA,NA,NA,NA,NA,"E: Uncertainty",NA,NA,NA,NA,NA,NA,NA,NA,NA,NA,NA,NA,NA,NA,NA,NA,"E: Uncertainty",NA,NA,NA,"E: Uncertainty",NA,"E: Uncertainty",NA,NA,NA,NA,NA,NA,NA,NA
"2022-09-09 11:00:00","PM2.5",NA,0,0,667.8254,0,111.696,57.2555,2.1506,NA,NA,2.3454,109.044,0,NA,5.1067,26.0729,0,0,1.6152,0.8824,4.2257,NA,NA,0,NA,10.6337,0,0,0,0,NA,NA,0,0,NA,0,0,0,6.5288,0,"E: Uncertainty",NA,NA,NA,NA,NA,NA,NA,"E: Uncertainty","E: Uncertainty",NA,NA,NA,"E: Uncertainty",NA,NA,NA,NA,NA,NA,NA,"E: Uncertainty","E: Uncertainty",NA,"E: Uncertainty",NA,NA,NA,NA,NA,"E: Uncertainty","E: Uncertainty",NA,NA,"E: Uncertainty",NA,NA,NA,NA,NA
"2022-09-09 12:00:00","PM10",NA,NA,0,871.1732,0,131.8349,231.2198,7.9274,0,1.0779,4.0819,248.2555,0,NA,7.2717,27.5751,0,0,1.1628,1.368,4.2476,NA,0,0,0,9.8593,NA,0,0,0,NA,NA,4.9771,0,0,0,0,0,7.0241,0,"E: Uncertainty","E: Uncertainty",NA,NA,NA,NA,NA,NA,NA,NA,NA,NA,NA,"E: Uncertainty",NA,NA,NA,NA,NA,NA,NA,"E: Uncertainty",NA,NA,NA,NA,"E: Uncertainty",NA,NA,NA,"E: Uncertainty","E: Uncertainty",NA,NA,NA,NA,NA,NA,NA,NA
"2022-09-09 13:00:00","PM2.5",1126.5956,0,0,816.2463,0,63.3919,52.0097,2.1643,0,NA,1.5683,87.3494,0,0.7554,3.751,11.4131,0,0,0.7107,2.2349,3.3719,NA,NA,0,0,0,NA,0,0,NA,NA,0,0,0,0,0,0,0,8.6014,0,NA,NA,NA,NA,NA,NA,NA,NA,NA,"E: Uncertainty",NA,NA,NA,NA,NA,NA,NA,NA,NA,NA,NA,"E: Uncertainty","E: Uncertainty",NA,NA,NA,"E: Uncertainty",NA,NA,"E: Uncertainty","E: Uncertainty",NA,NA,NA,NA,NA,NA,NA,NA,NA
"2022-09-09 14:00:00","PM10",NA,NA,0,955.3518,0,112.2867,177.2279,7.5575,0,NA,2.4465,218.6148,0,NA,11.677,19.1467,0,0,1.1002,1.1767,4.3013,NA,NA,0,0,0,0,0,0,NA,NA,NA,3.8094,0,0,0,0,0,6.703,0,"E: Uncertainty","E: Uncertainty",NA,NA,NA,NA,NA,NA,NA,"E: Uncertainty",NA,NA,NA,"E: Uncertainty",NA,NA,NA,NA,NA,NA,NA,"E: Uncertainty","E: Uncertainty",NA,NA,NA,NA,NA,NA,"E: Uncertainty","E: Uncertainty","E: Uncertainty",NA,NA,NA,NA,NA,NA,NA,NA
"2022-09-14 00:30:00","PM2.5",0,0,NA,328.0661,0,80.902,48.6133,NA,NA,NA,NA,150.6724,0,NA,6.7737,51.3933,0,0,1.4418,5.7646,3.2464,0,0,0,0,28.2864,0,NA,0,0,0,NA,0,0,NA,0,0,0,10.9955,0,NA,NA,"E: Uncertainty",NA,NA,NA,NA,"E: Uncertainty","E: Uncertainty","E: Uncertainty","E: Uncertainty",NA,NA,"E: Uncertainty",NA,NA,NA,NA,NA,NA,NA,NA,NA,NA,NA,NA,NA,"E: Uncertainty",NA,NA,NA,"E: Uncertainty",NA,NA,"E: Uncertainty",NA,NA,NA,NA,NA
"2022-09-14 01:00:00","PM10",NA,NA,0,379.9533,176.4532,105.7121,178.9036,6.9324,NA,1.2723,2.1844,276.203,0,0.599,9.3876,57.1486,0,0,1.8837,5.2118,3.7888,NA,0,NA,0,11.068,NA,0,0,0,0,NA,NA,0,0,0,0,0,7.5507,0,"E: Uncertainty","E: Uncertainty",NA,NA,NA,NA,NA,NA,"E: Uncertainty",NA,NA,NA,NA,NA,NA,NA,NA,NA,NA,NA,NA,"E: Uncertainty",NA,"E: Uncertainty",NA,NA,"E: Uncertainty",NA,NA,NA,NA,"E: Uncertainty","E: Uncertainty",NA,NA,NA,NA,NA,NA,NA
"2022-09-14 02:00:00","PM2.5",NA,NA,NA,NA,NA,NA,NA,NA,NA,NA,NA,NA,NA,NA,NA,NA,NA,NA,NA,NA,NA,NA,NA,NA,NA,NA,NA,NA,NA,NA,NA,NA,NA,NA,NA,NA,NA,NA,NA,NA,"E: Erroneous Data","E: Uncertainty","E: Erroneous Data","E: Erroneous Data","E: Erroneous Data","E: Erroneous Data","E: Erroneous Data","E: Erroneous Data","E: Uncertainty","E: Uncertainty","E: Erroneous Data","E: Erroneous Data","E: Erroneous Data","E: Uncertainty","E: Erroneous Data","E: Erroneous Data","E: Erroneous Data","E: Erroneous Data","E: Erroneous Data","E: Erroneous Data","E: Erroneous Data","E: Uncertainty","E: Erroneous Data","E: Erroneous Data","E: Erroneous Data","E: Erroneous Data","E: Erroneous Data","E: Uncertainty","E: Erroneous Data","E: Uncertainty","E: Uncertainty","E: Erroneous Data","E: Uncertainty","E: Erroneous Data","E: Erroneous Data","E: Erroneous Data","E: Erroneous Data","E: Erroneous Data","E: Erroneous Data","E: Erroneous Data"
"2022-09-14 03:00:00","PM10",NA,NA,NA,NA,NA,NA,NA,NA,NA,NA,NA,NA,NA,NA,NA,NA,NA,NA,NA,NA,NA,NA,NA,NA,NA,NA,NA,NA,NA,NA,NA,NA,NA,NA,NA,NA,NA,NA,NA,NA,"E: Erroneous Data","E: Uncertainty","E: Erroneous Data","E: Erroneous Data","E: Erroneous Data","E: Erroneous Data","E: Erroneous Data","E: Erroneous Data","E: Uncertainty","E: Erroneous Data","E: Erroneous Data","E: Erroneous Data","E: Erroneous Data","E: Erroneous Data","E: Erroneous Data","E: Erroneous Data","E: Erroneous Data","E: Erroneous Data","E: Erroneous Data","E: Erroneous Data","E: Erroneous Data","E: Uncertainty","E: Erroneous Data","E: Erroneous Data","E: Erroneous Data","E: Erroneous Data","E: Uncertainty","E: Uncertainty","E: Uncertainty","E: Uncertainty","E: Uncertainty","E: Uncertainty","E: Erroneous Data","E: Erroneous Data","E: Erroneous Data","E: Erroneous Data","E: Erroneous Data","E: Erroneous Data","E: Erroneous Data","E: Erroneous Data"
"2022-09-14 04:00:00","PM2.5",NA,NA,NA,NA,NA,NA,NA,NA,NA,NA,NA,NA,NA,NA,NA,NA,NA,NA,NA,NA,NA,NA,NA,NA,NA,NA,NA,NA,NA,NA,NA,NA,NA,NA,NA,NA,NA,NA,NA,NA,"E: Erroneous Data","E: Erroneous Data","E: Erroneous Data","E: Erroneous Data","E: Erroneous Data","E: Erroneous Data","E: Erroneous Data","E: Uncertainty","E: Uncertainty","E: Erroneous Data","E: Erroneous Data","E: Erroneous Data","E: Erroneous Data","E: Uncertainty","E: Erroneous Data","E: Erroneous Data","E: Erroneous Data","E: Erroneous Data","E: Erroneous Data","E: Erroneous Data","E: Erroneous Data","E: Erroneous Data","E: Erroneous Data","E: Erroneous Data","E: Erroneous Data","E: Erroneous Data","E: Uncertainty","E: Uncertainty","E: Erroneous Data","E: Uncertainty","E: Uncertainty","E: Uncertainty","E: Uncertainty","E: Erroneous Data","E: Erroneous Data","E: Erroneous Data","E: Erroneous Data","E: Erroneous Data","E: Erroneous Data","E: Erroneous Data"
"2022-09-14 05:00:00","PM10",NA,NA,32.8037,397.6964,295.7294,142.2105,257.3353,7.1643,0,0.9576,3.7966,298.4513,0,0.6128,61.4459,109.116,0,0,2.2317,0.5665,8.1104,NA,0,0,0,13.1083,NA,NA,0,0,NA,0,3.7331,0,0,0,0,0,21.5758,0,"E: Uncertainty","E: Uncertainty",NA,NA,NA,NA,NA,NA,NA,NA,NA,NA,NA,NA,NA,NA,NA,NA,NA,NA,NA,"E: Uncertainty",NA,NA,NA,NA,"E: Uncertainty","E: Uncertainty",NA,NA,"E: Uncertainty",NA,NA,NA,NA,NA,NA,NA,NA,NA
"2022-09-14 06:00:00","PM2.5",NA,NA,NA,NA,NA,NA,NA,NA,NA,NA,NA,NA,NA,NA,NA,NA,NA,NA,NA,NA,NA,NA,NA,NA,NA,NA,NA,NA,NA,NA,NA,NA,NA,NA,NA,NA,NA,NA,NA,NA,"E: Uncertainty","E: Uncertainty","E: Uncertainty","E: Erroneous Data","E: Erroneous Data","E: Erroneous Data","E: Erroneous Data","E: Erroneous Data","E: Erroneous Data","E: Erroneous Data","E: Erroneous Data","E: Erroneous Data","E: Erroneous Data","E: Uncertainty","E: Erroneous Data","E: Erroneous Data","E: Erroneous Data","E: Erroneous Data","E: Erroneous Data","E: Uncertainty","E: Erroneous Data","E: Uncertainty","E: Erroneous Data","E: Erroneous Data","E: Erroneous Data","E: Erroneous Data","E: Erroneous Data","E: Uncertainty","E: Erroneous Data","E: Uncertainty","E: Uncertainty","E: Uncertainty","E: Erroneous Data","E: Erroneous Data","E: Erroneous Data","E: Erroneous Data","E: Erroneous Data","E: Erroneous Data","E: Erroneous Data","E: Uncertainty"
"2022-09-14 07:00:00","PM10",NA,NA,NA,NA,NA,NA,NA,NA,NA,NA,NA,NA,NA,NA,NA,NA,NA,NA,NA,NA,NA,NA,NA,NA,NA,NA,NA,NA,NA,NA,NA,NA,NA,NA,NA,NA,NA,NA,NA,NA,"E: Erroneous Data","E: Erroneous Data","E: Erroneous Data","E: Erroneous Data","E: Erroneous Data","E: Erroneous Data","E: Erroneous Data","E: Erroneous Data","E: Uncertainty","E: Erroneous Data","E: Erroneous Data","E: Erroneous Data","E: Uncertainty","E: Erroneous Data","E: Erroneous Data","E: Erroneous Data","E: Erroneous Data","E: Erroneous Data","E: Erroneous Data","E: Uncertainty","E: Erroneous Data","E: Erroneous Data","E: Erroneous Data","E: Erroneous Data","E: Erroneous Data","E: Erroneous Data","E: Erroneous Data","E: Uncertainty","E: Erroneous Data","E: Erroneous Data","E: Uncertainty","E: Uncertainty","E: Erroneous Data","E: Erroneous Data","E: Erroneous Data","E: Erroneous Data","E: Erroneous Data","E: Erroneous Data","E: Erroneous Data","E: Erroneous Data"
"2022-09-14 08:00:00","PM2.5",NA,NA,NA,NA,NA,NA,NA,NA,NA,NA,NA,NA,NA,NA,NA,NA,NA,NA,NA,NA,NA,NA,NA,NA,NA,NA,NA,NA,NA,NA,NA,NA,NA,NA,NA,NA,NA,NA,NA,NA,"E: Uncertainty","E: Uncertainty","E: Erroneous Data","E: Erroneous Data","E: Erroneous Data","E: Erroneous Data","E: Erroneous Data","E: Erroneous Data","E: Erroneous Data","E: Erroneous Data","E: Erroneous Data","E: Erroneous Data","E: Erroneous Data","E: Erroneous Data","E: Erroneous Data","E: Erroneous Data","E: Erroneous Data","E: Erroneous Data","E: Erroneous Data","E: Erroneous Data","E: Erroneous Data","E: Uncertainty","E: Erroneous Data","E: Erroneous Data","E: Uncertainty","E: Erroneous Data","E: Uncertainty","E: Erroneous Data","E: Erroneous Data","E: Erroneous Data","E: Uncertainty","E: Erroneous Data","E: Uncertainty","E: Erroneous Data","E: Erroneous Data","E: Erroneous Data","E: Erroneous Data","E: Erroneous Data","E: Erroneous Data","E: Erroneous Data"
"2022-09-14 09:00:00","PM10",NA,NA,0,1540.5454,1147.189,96.5554,381.5694,13.1884,NA,0.9215,6.059,324.8037,0,2.5407,11.3111,90.6326,0,0,1.8541,3.8883,3.8081,1.8175,0,0,NA,NA,NA,0,0,NA,NA,NA,NA,0,0,0,0,0,10.9436,16.1411,"E: Uncertainty","E: Uncertainty",NA,NA,NA,NA,NA,NA,"E: Uncertainty",NA,NA,NA,NA,NA,NA,NA,NA,NA,NA,NA,NA,NA,NA,NA,"E: Uncertainty","E: Uncertainty","E: Uncertainty",NA,NA,"E: Uncertainty","E: Uncertainty","E: Uncertainty","E: Uncertainty",NA,NA,NA,NA,NA,NA,NA
"2022-09-14 10:00:00","PM2.5",0,NA,0,1513.2612,129.843,76.1681,95.1733,2.4347,NA,NA,2.7841,125.7468,NA,2.9964,7.1923,59.927,0,0,2.111,2.145,8.4015,NA,0,0,NA,13.3271,NA,NA,0,0,NA,NA,NA,0,0,0,0,0,12.6645,9.1335,NA,"E: Uncertainty",NA,NA,NA,NA,NA,NA,"E: Uncertainty","E: Uncertainty",NA,NA,"E: Uncertainty",NA,NA,NA,NA,NA,NA,NA,NA,"E: Uncertainty",NA,NA,"E: Uncertainty",NA,"E: Uncertainty","E: Uncertainty",NA,NA,"E: Uncertainty","E: Uncertainty","E: Uncertainty",NA,NA,NA,NA,NA,NA,NA
"2022-09-14 11:00:00","PM10",NA,188.5028,0,2798.4053,2087.9515,162.3441,411.7928,14.1233,NA,NA,4.6337,253.3633,0,0.7376,10.3382,80.4998,0,0,2.6224,1.7649,6.5121,2.4995,0,0,5.2986,15.2798,NA,NA,0,NA,NA,NA,0,0,0,0,0,0,26.9524,7.4003,"E: Uncertainty",NA,NA,NA,NA,NA,NA,NA,"E: Uncertainty","E: Uncertainty",NA,NA,NA,NA,NA,NA,NA,NA,NA,NA,NA,NA,NA,NA,NA,NA,"E: Uncertainty","E: Uncertainty",NA,"E: Uncertainty","E: Uncertainty","E: Uncertainty",NA,NA,NA,NA,NA,NA,NA,NA
"2022-09-14 12:00:00","PM2.5",NA,0,0,1168.1254,663.3895,62.5843,108.1588,3.2427,0,NA,1.1724,95.0379,0,0.009,7.5401,37.0106,0,0,2.453,NA,3.8401,NA,0,0,0,NA,NA,0,0,0,NA,NA,0,0,NA,0,0,0,6.7452,NA,"E: Uncertainty",NA,NA,NA,NA,NA,NA,NA,NA,"E: Uncertainty",NA,NA,NA,NA,NA,NA,NA,NA,NA,"E: Uncertainty",NA,"E: Uncertainty",NA,NA,NA,"E: Uncertainty","E: Uncertainty",NA,NA,NA,"E: Uncertainty","E: Uncertainty",NA,NA,"E: Uncertainty",NA,NA,NA,NA,"E: Uncertainty"
"2022-09-14 13:00:00","PM10",NA,222.5101,0,679.0402,2080.9139,150.0475,459.2748,13.2944,0,0.8486,3.5878,240.1843,0,0,13.0211,33.9012,0,0,3.003,NA,6.5263,2.5696,0,0,0,NA,NA,NA,0,0,0,0,0,0,0,0,0,0,17.5102,0,"E: Uncertainty",NA,NA,NA,NA,NA,NA,NA,NA,NA,NA,NA,NA,NA,NA,NA,NA,NA,NA,"E: Uncertainty",NA,NA,NA,NA,NA,"E: Uncertainty","E: Uncertainty","E: Uncertainty",NA,NA,NA,NA,NA,NA,NA,NA,NA,NA,NA,NA
"2022-09-14 14:00:00","PM2.5",NA,0,0,568.2432,352.2609,52.5061,105.7441,2.8008,NA,NA,0.782,77.3272,0,NA,8.035,28.1859,0,0,2.9231,0,2.9991,NA,0,0,0,NA,NA,NA,0,NA,0,NA,NA,0,0,0,0,0,46.5113,0,"E: Uncertainty",NA,NA,NA,NA,NA,NA,NA,"E: Uncertainty","E: Uncertainty",NA,NA,NA,"E: Uncertainty",NA,NA,NA,NA,NA,NA,NA,"E: Uncertainty",NA,NA,NA,"E: Uncertainty","E: Uncertainty","E: Uncertainty",NA,"E: Uncertainty",NA,"E: Uncertainty","E: Uncertainty",NA,NA,NA,NA,NA,NA,NA
"2022-09-14 15:00:00","PM10",NA,321.024,0,564.424,714.5604,95.4598,357.9305,11.4004,0,NA,3.1213,237.9333,0,NA,11.3272,21.1328,0,0,2.1467,0,4.4835,NA,0,0,0,11.0805,NA,NA,0,NA,0,NA,NA,0,0,0,0,0,38.496,0,"E: Uncertainty",NA,NA,NA,NA,NA,NA,NA,NA,"E: Uncertainty",NA,NA,NA,"E: Uncertainty",NA,NA,NA,NA,NA,NA,NA,"E: Uncertainty",NA,NA,NA,NA,"E: Uncertainty","E: Uncertainty",NA,"E: Uncertainty",NA,"E: Uncertainty","E: Uncertainty",NA,NA,NA,NA,NA,NA,NA
"2022-09-14 16:00:00","PM2.5",NA,0,0,380.3207,40.8686,31.1869,34.1711,1.6577,NA,NA,NA,60.7218,NA,NA,3.8933,6.8905,0,0,0.3675,0,1.5649,NA,0,NA,0,NA,0,NA,0,0,0,NA,0,0,0,0,0,0,6.3408,0,"E: Uncertainty",NA,NA,NA,NA,NA,NA,NA,"E: Uncertainty","E: Uncertainty","E: Uncertainty",NA,"E: Uncertainty","E: Uncertainty",NA,NA,NA,NA,NA,NA,NA,"E: Uncertainty",NA,"E: Uncertainty",NA,"E: Uncertainty",NA,"E: Uncertainty",NA,NA,NA,"E: Uncertainty",NA,NA,NA,NA,NA,NA,NA,NA
"2022-09-14 17:00:00","PM10",NA,NA,0,1620.9065,392.279,62.9992,214.8987,6.6372,0,1.3487,NA,188.1365,0,NA,6.033,12.1105,0,0,0,0.5662,2.9537,NA,0,0,0,NA,NA,NA,0,0.0852,0,NA,3.5059,0,0,0,NA,0,5.1584,0,"E: Uncertainty","E: Uncertainty",NA,NA,NA,NA,NA,NA,NA,NA,"E: Uncertainty",NA,NA,"E: Uncertainty",NA,NA,NA,NA,NA,NA,NA,"E: Uncertainty",NA,NA,NA,"E: Uncertainty","E: Uncertainty","E: Uncertainty",NA,NA,NA,"E: Uncertainty",NA,NA,NA,NA,"E: Uncertainty",NA,NA,NA
"2022-09-14 18:00:00","PM2.5",0,0,0,1049.4311,0,24.9026,33.7533,2.3921,NA,NA,NA,77.0016,0,NA,2.4251,5.9733,0,0,NA,0.4631,1.5066,NA,0,0,0,19.3998,0,NA,0,NA,NA,NA,0,0,0,0,0,0,4.2139,0,NA,NA,NA,NA,NA,NA,NA,NA,"E: Uncertainty","E: Uncertainty","E: Uncertainty",NA,NA,"E: Uncertainty",NA,NA,NA,NA,"E: Uncertainty",NA,NA,"E: Uncertainty",NA,NA,NA,NA,NA,"E: Uncertainty",NA,"E: Uncertainty","E: Uncertainty","E: Uncertainty",NA,NA,NA,NA,NA,NA,NA,NA
"2022-09-14 19:00:00","PM10",NA,0,0,911.9896,766.7107,53.9706,156.6204,4.6008,0,NA,0.9413,154.592,0,NA,7.9373,13.4274,0,0,NA,NA,4.4452,NA,0,0,0,NA,NA,NA,0,NA,0,0,NA,0,0,0,0,0,3.2027,0,"E: Uncertainty",NA,NA,NA,NA,NA,NA,NA,NA,"E: Uncertainty",NA,NA,NA,"E: Uncertainty",NA,NA,NA,NA,"E: Uncertainty","E: Uncertainty",NA,"E: Uncertainty",NA,NA,NA,"E: Uncertainty","E: Uncertainty","E: Uncertainty",NA,"E: Uncertainty",NA,NA,"E: Uncertainty",NA,NA,NA,NA,NA,NA,NA
"2022-09-14 20:00:00","PM2.5",NA,NA,NA,NA,NA,NA,NA,NA,NA,NA,NA,NA,NA,NA,NA,NA,NA,NA,NA,NA,NA,NA,NA,NA,NA,NA,NA,NA,NA,NA,NA,NA,NA,NA,NA,NA,NA,NA,NA,NA,"E: Uncertainty","E: Erroneous Data","E: Uncertainty","E: Erroneous Data","E: Erroneous Data","E: Erroneous Data","E: Erroneous Data","E: Erroneous Data","E: Erroneous Data","E: Erroneous Data","E: Uncertainty","E: Erroneous Data","E: Erroneous Data","E: Uncertainty","E: Erroneous Data","E: Erroneous Data","E: Erroneous Data","E: Erroneous Data","E: Erroneous Data","E: Uncertainty","E: Erroneous Data","E: Uncertainty","E: Erroneous Data","E: Erroneous Data","E: Erroneous Data","E: Uncertainty","E: Uncertainty","E: Uncertainty","E: Erroneous Data","E: Erroneous Data","E: Uncertainty","E: Erroneous Data","E: Erroneous Data","E: Erroneous Data","E: Erroneous Data","E: Erroneous Data","E: Erroneous Data","E: Erroneous Data","E: Erroneous Data","E: Erroneous Data"
"2022-09-14 21:00:00","PM10",NA,NA,NA,NA,NA,NA,NA,NA,NA,NA,NA,NA,NA,NA,NA,NA,NA,NA,NA,NA,NA,NA,NA,NA,NA,NA,NA,NA,NA,NA,NA,NA,NA,NA,NA,NA,NA,NA,NA,NA,"E: Erroneous Data","E: Erroneous Data","E: Erroneous Data","E: Erroneous Data","E: Erroneous Data","E: Erroneous Data","E: Erroneous Data","E: Erroneous Data","E: Uncertainty","E: Uncertainty","E: Uncertainty","E: Erroneous Data","E: Erroneous Data","E: Erroneous Data","E: Erroneous Data","E: Erroneous Data","E: Erroneous Data","E: Erroneous Data","E: Erroneous Data","E: Uncertainty","E: Erroneous Data","E: Uncertainty","E: Erroneous Data","E: Erroneous Data","E: Erroneous Data","E: Erroneous Data","E: Uncertainty","E: Uncertainty","E: Erroneous Data","E: Uncertainty","E: Uncertainty","E: Erroneous Data","E: Uncertainty","E: Erroneous Data","E: Erroneous Data","E: Erroneous Data","E: Erroneous Data","E: Erroneous Data","E: Erroneous Data","E: Erroneous Data"
"2022-09-14 22:00:00","PM2.5",NA,NA,NA,NA,NA,NA,NA,NA,NA,NA,NA,NA,NA,NA,NA,NA,NA,NA,NA,NA,NA,NA,NA,NA,NA,NA,NA,NA,NA,NA,NA,NA,NA,NA,NA,NA,NA,NA,NA,NA,"E: Erroneous Data","E: Erroneous Data","E: Erroneous Data","E: Erroneous Data","E: Erroneous Data","E: Erroneous Data","E: Erroneous Data","E: Uncertainty","E: Erroneous Data","E: Erroneous Data","E: Uncertainty","E: Erroneous Data","E: Erroneous Data","E: Uncertainty","E: Erroneous Data","E: Erroneous Data","E: Erroneous Data","E: Erroneous Data","E: Erroneous Data","E: Uncertainty","E: Erroneous Data","E: Uncertainty","E: Erroneous Data","E: Erroneous Data","E: Erroneous Data","E: Erroneous Data","E: Erroneous Data","E: Uncertainty","E: Erroneous Data","E: Erroneous Data","E: Erroneous Data","E: Erroneous Data","E: Erroneous Data","E: Erroneous Data","E: Erroneous Data","E: Erroneous Data","E: Erroneous Data","E: Erroneous Data","E: Erroneous Data","E: Erroneous Data"
"2022-09-14 23:00:00","PM10",NA,0,0,260.5443,1219.6535,50.7944,92.0805,1.7359,NA,NA,NA,74.813,0,0.0042,5.1221,15.9357,0,0,1.8189,NA,3.7823,NA,0,0,0,0,NA,NA,0,0,NA,NA,0,0,0,0,0,0,8.8785,0,"E: Uncertainty",NA,NA,NA,NA,NA,NA,NA,"E: Uncertainty","E: Uncertainty","E: Uncertainty",NA,NA,NA,NA,NA,NA,NA,NA,"E: Uncertainty",NA,"E: Uncertainty",NA,NA,NA,NA,"E: Uncertainty","E: Uncertainty",NA,NA,"E: Uncertainty","E: Uncertainty",NA,NA,NA,NA,NA,NA,NA,NA
"2022-09-15 00:30:00","PM2.5",1234.8283,0,0,198.9121,366.0127,22.6389,20.2475,0,0,0,0,17.7778,0,0,5.2935,14.7967,0,0,0,NA,1.673,NA,0,0,0,NA,NA,0,0,0,NA,NA,NA,0,0,0,0,0,5.3134,0,NA,NA,NA,NA,NA,NA,NA,NA,NA,NA,NA,NA,NA,NA,NA,NA,NA,NA,NA,"E: Uncertainty",NA,"E: Uncertainty",NA,NA,NA,"E: Uncertainty","E: Uncertainty",NA,NA,NA,"E: Uncertainty","E: Uncertainty","E: Uncertainty",NA,NA,NA,NA,NA,NA,NA
"2022-09-15 01:00:00","PM10",NA,1.9145,0,323.6602,2797.4206,78.1095,113.8695,2.8103,0,NA,NA,39.671,0,0,3.2915,10.1215,0,0,0.9974,0,5.3024,NA,0,0,0,NA,NA,NA,0,NA,0,0,0,0,0,0,0,0,3.5987,0,"E: Uncertainty",NA,NA,NA,NA,NA,NA,NA,NA,"E: Uncertainty","E: Uncertainty",NA,NA,NA,NA,NA,NA,NA,NA,NA,NA,"E: Uncertainty",NA,NA,NA,"E: Uncertainty","E: Uncertainty","E: Uncertainty",NA,"E: Uncertainty",NA,NA,NA,NA,NA,NA,NA,NA,NA,NA
"2022-09-15 02:00:00","PM2.5",NA,0,0,206.4489,935.0141,29.7725,34.0892,NA,NA,0,NA,13.1162,NA,0,0.6522,6.5428,0,0,0,NA,1.5493,NA,0,0,0,21.4174,0,0,0,NA,NA,NA,NA,0,0,0,NA,0,0.9392,0,"E: Uncertainty",NA,NA,NA,NA,NA,NA,"E: Uncertainty","E: Uncertainty",NA,"E: Uncertainty",NA,"E: Uncertainty",NA,NA,NA,NA,NA,NA,"E: Uncertainty",NA,"E: Uncertainty",NA,NA,NA,NA,NA,NA,NA,"E: Uncertainty","E: Uncertainty","E: Uncertainty","E: Uncertainty",NA,NA,NA,"E: Uncertainty",NA,NA,NA
"2022-09-15 03:00:00","PM10",NA,0,0,362.4148,4031.266,102.1173,128.9185,NA,NA,NA,0,36.1508,NA,0,0.9551,4.2533,0,0,0,0,5.5159,1.9614,0,0,0,18.9516,NA,NA,NA,0,NA,NA,0,0,NA,0,0,0,0,0,"E: Uncertainty",NA,NA,NA,NA,NA,NA,"E: Uncertainty","E: Uncertainty","E: Uncertainty",NA,NA,"E: Uncertainty",NA,NA,NA,NA,NA,NA,NA,NA,NA,NA,NA,NA,NA,"E: Uncertainty","E: Uncertainty","E: Uncertainty",NA,"E: Uncertainty","E: Uncertainty",NA,NA,"E: Uncertainty",NA,NA,NA,NA,NA
"2022-09-15 04:00:00","PM2.5",NA,0,0,209.0446,1129.8551,29.8015,35.8515,NA,NA,0,0,14.1726,0,0,1.0982,3.4558,0,0,0,0,1.065,NA,0,0,0,NA,NA,0,0,0,NA,NA,0,0,0,0,0,0,0,0,"E: Uncertainty",NA,NA,NA,NA,NA,NA,"E: Uncertainty","E: Uncertainty",NA,NA,NA,NA,NA,NA,NA,NA,NA,NA,NA,NA,"E: Uncertainty",NA,NA,NA,"E: Uncertainty","E: Uncertainty",NA,NA,NA,"E: Uncertainty","E: Uncertainty",NA,NA,NA,NA,NA,NA,NA,NA
"2022-09-15 05:00:00","PM10",628.5666,0,0,355.448,3901.0494,89.0924,143.2489,1.6573,NA,NA,NA,97.9015,NA,NA,3.2195,6.093,0,0,NA,0,4.9384,1.5911,0,0,0,NA,0,NA,0,NA,NA,NA,NA,0,0,0,0,0,0,0,NA,NA,NA,NA,NA,NA,NA,NA,"E: Uncertainty","E: Uncertainty","E: Uncertainty",NA,"E: Uncertainty","E: Uncertainty",NA,NA,NA,NA,"E: Uncertainty",NA,NA,NA,NA,NA,NA,"E: Uncertainty",NA,"E: Uncertainty",NA,"E: Uncertainty","E: Uncertainty","E: Uncertainty","E: Uncertainty",NA,NA,NA,NA,NA,NA,NA
"2022-09-15 06:00:00","PM2.5",NA,0,0,211.4373,1119.835,33.0319,46.9949,NA,0,NA,NA,74.3784,0.0092,0,4.5243,7.5288,0,0,NA,NA,1.9496,NA,0,0,0,14.2143,NA,0,0,NA,NA,NA,NA,0,0,0,0,0,0,0,"E: Uncertainty",NA,NA,NA,NA,NA,NA,"E: Uncertainty",NA,"E: Uncertainty","E: Uncertainty",NA,NA,NA,NA,NA,NA,NA,"E: Uncertainty","E: Uncertainty",NA,"E: Uncertainty",NA,NA,NA,NA,"E: Uncertainty",NA,NA,"E: Uncertainty","E: Uncertainty","E: Uncertainty","E: Uncertainty",NA,NA,NA,NA,NA,NA,NA
"2022-09-15 07:00:00","PM10",NA,NA,0,339.4116,3617.5981,98.9467,249.8692,8.6105,0,0.6088,2.5561,319.6838,0,NA,16.1774,25.0828,0,0,NA,NA,4.6501,1.8401,0,0,0,14.9774,0,0,0,0,NA,NA,8.7722,0,0,0,0,0,NA,0,"E: Uncertainty","E: Uncertainty",NA,NA,NA,NA,NA,NA,NA,NA,NA,NA,NA,"E: Uncertainty",NA,NA,NA,NA,"E: Uncertainty","E: Uncertainty",NA,NA,NA,NA,NA,NA,NA,NA,NA,NA,"E: Uncertainty","E: Uncertainty",NA,NA,NA,NA,NA,NA,"E: Uncertainty",NA
"2022-09-15 08:00:00","PM2.5",NA,0,0,233.574,1278.1607,37.3605,87.2052,2.4322,0,NA,1.0477,108.6576,NA,NA,4.4395,25.3342,0,0,0.9786,0,2.1804,NA,0,0,0,10.0128,0,0,0,NA,NA,0,0,0,0,0,0,0,1.7943,0,"E: Uncertainty",NA,NA,NA,NA,NA,NA,NA,NA,"E: Uncertainty",NA,NA,"E: Uncertainty","E: Uncertainty",NA,NA,NA,NA,NA,NA,NA,"E: Uncertainty",NA,NA,NA,NA,NA,NA,NA,"E: Uncertainty","E: Uncertainty",NA,NA,NA,NA,NA,NA,NA,NA,NA
"2022-09-15 09:00:00","PM10",0,NA,0,437.6189,3923.4731,135.2076,365.5811,13.2901,NA,0.5959,3.9297,239.8326,0,NA,8.7702,30.1283,0,0,0.6007,0,6.629,3.0619,0,0,0,23.176,NA,NA,0,NA,NA,NA,NA,0,0,0,0,0,3.6518,0,NA,"E: Uncertainty",NA,NA,NA,NA,NA,NA,"E: Uncertainty",NA,NA,NA,NA,"E: Uncertainty",NA,NA,NA,NA,NA,NA,NA,NA,NA,NA,NA,NA,"E: Uncertainty","E: Uncertainty",NA,"E: Uncertainty","E: Uncertainty","E: Uncertainty","E: Uncertainty",NA,NA,NA,NA,NA,NA,NA
"2022-09-15 10:00:00","PM2.5",NA,0,0,329.0576,909.401,49.1474,107.6829,3.8348,0,NA,2.3474,111.277,0.0131,0,3.968,72.9955,0,0,0.6615,0,3.0209,0,0,0,0,23.3334,0,NA,0,0,NA,NA,0.0309,0,0,0,0,0,2.2282,21.3241,"E: Uncertainty",NA,NA,NA,NA,NA,NA,NA,NA,"E: Uncertainty",NA,NA,NA,NA,NA,NA,NA,NA,NA,NA,NA,NA,NA,NA,NA,NA,NA,"E: Uncertainty",NA,NA,"E: Uncertainty","E: Uncertainty",NA,NA,NA,NA,NA,NA,NA,NA
"2022-09-15 11:00:00","PM10",NA,NA,0,426.8163,1905.1548,106.9536,400.2069,12.9253,0,1.0431,3.7163,276.8381,0,NA,7.0264,22.9076,0,0,0.9234,NA,4.1228,NA,0,0,0,15.9744,NA,NA,0,0,NA,NA,NA,0,0,0,0,0,1.1895,3.7072,"E: Uncertainty","E: Uncertainty",NA,NA,NA,NA,NA,NA,NA,NA,NA,NA,NA,"E: Uncertainty",NA,NA,NA,NA,NA,"E: Uncertainty",NA,"E: Uncertainty",NA,NA,NA,NA,"E: Uncertainty","E: Uncertainty",NA,NA,"E: Uncertainty","E: Uncertainty","E: Uncertainty",NA,NA,NA,NA,NA,NA,NA
"2022-09-15 12:00:00","PM2.5",1005.0812,0,0,452.1384,321.6803,43.8847,93.2653,3.5159,0,NA,1.3948,99.5714,0,NA,4.9916,39.0674,0,0,1.8655,NA,3.5629,NA,0,0,0,NA,NA,0,0,0,0,NA,0,0,0,0,0,0,1.4812,6.4604,NA,NA,NA,NA,NA,NA,NA,NA,NA,"E: Uncertainty",NA,NA,NA,"E: Uncertainty",NA,NA,NA,NA,NA,"E: Uncertainty",NA,"E: Uncertainty",NA,NA,NA,"E: Uncertainty","E: Uncertainty",NA,NA,NA,NA,"E: Uncertainty",NA,NA,NA,NA,NA,NA,NA,NA
"2022-09-15 13:00:00","PM10",NA,470.1258,0,545.8948,941.6434,169.4714,520.7317,20.2118,NA,1.2586,7.4264,406.2069,0,NA,14.2098,121.4873,0,0,1.5025,NA,5.0942,NA,0,0,0,12.0695,NA,NA,0,NA,NA,NA,5.3995,0,0,0,0,0,8.9037,28.2945,"E: Uncertainty",NA,NA,NA,NA,NA,NA,NA,"E: Uncertainty",NA,NA,NA,NA,"E: Uncertainty",NA,NA,NA,NA,NA,"E: Uncertainty",NA,"E: Uncertainty",NA,NA,NA,NA,"E: Uncertainty","E: Uncertainty",NA,"E: Uncertainty","E: Uncertainty","E: Uncertainty",NA,NA,NA,NA,NA,NA,NA,NA
"2022-09-15 14:00:00","PM2.5",NA,NA,0,468.1431,224.2777,58.7848,96.686,2.3573,0,NA,0.8031,112.6014,0.0018,NA,10.0871,36.1481,0,0,1.3137,0.4898,3.6091,NA,0,0,0,NA,NA,0,0,NA,0,NA,NA,0,0,0,0,0,7.3647,0,"E: Uncertainty","E: Uncertainty",NA,NA,NA,NA,NA,NA,NA,"E: Uncertainty",NA,NA,NA,"E: Uncertainty",NA,NA,NA,NA,NA,NA,NA,"E: Uncertainty",NA,NA,NA,"E: Uncertainty","E: Uncertainty",NA,NA,"E: Uncertainty",NA,"E: Uncertainty","E: Uncertainty",NA,NA,NA,NA,NA,NA,NA
"2022-09-15 15:00:00","PM10",NA,215.1077,0,468.697,1456.2133,100.092,386.277,11.6619,0,0.7228,2.7583,265.251,0,0,7.9733,20.1976,0,0,0.9584,NA,3.957,1.8093,0,0,0,17.1689,NA,0,0,NA,0,NA,NA,0,0,0,0,0,4.0816,0,"E: Uncertainty",NA,NA,NA,NA,NA,NA,NA,NA,NA,NA,NA,NA,NA,NA,NA,NA,NA,NA,"E: Uncertainty",NA,NA,NA,NA,NA,NA,"E: Uncertainty",NA,NA,"E: Uncertainty",NA,"E: Uncertainty","E: Uncertainty",NA,NA,NA,NA,NA,NA,NA
"2022-09-15 16:00:00","PM2.5",NA,0,0,219.2621,225.8209,28.3698,49.0946,1.6339,NA,NA,NA,61.3155,NA,0,2.6412,7.3322,0,0,0.4889,NA,2.0645,NA,0,0,0,NA,0,0,0,NA,NA,0,NA,0,0,0,0,0,5.3429,0,"E: Uncertainty",NA,NA,NA,NA,NA,NA,NA,"E: Uncertainty","E: Uncertainty","E: Uncertainty",NA,"E: Uncertainty",NA,NA,NA,NA,NA,NA,"E: Uncertainty",NA,"E: Uncertainty",NA,NA,NA,"E: Uncertainty",NA,NA,NA,"E: Uncertainty","E: Uncertainty",NA,"E: Uncertainty",NA,NA,NA,NA,NA,NA,NA
"2022-09-15 17:00:00","PM10",0,NA,0,241.722,929.9648,69.7966,262.8178,8.794,0,NA,1.8317,213.3012,0,NA,8.4176,24.772,0,0,1.5401,NA,2.8388,NA,0,0,0,16.3222,NA,NA,0,NA,NA,NA,0.016,0,0,0,0,0,18.7354,0,NA,"E: Uncertainty",NA,NA,NA,NA,NA,NA,NA,"E: Uncertainty",NA,NA,NA,"E: Uncertainty",NA,NA,NA,NA,NA,"E: Uncertainty",NA,"E: Uncertainty",NA,NA,NA,NA,"E: Uncertainty","E: Uncertainty",NA,"E: Uncertainty","E: Uncertainty","E: Uncertainty",NA,NA,NA,NA,NA,NA,NA,NA
"2022-09-15 18:00:00","PM2.5",NA,0,0,156.4819,131.4106,26.9776,45.5124,1.7488,0,NA,NA,84.6944,0,NA,3.7192,8.0484,0,0,0.385,NA,1.9374,NA,0,0,0,11.0105,NA,NA,0,0,0,0,NA,0,0,0,0,0,4.0657,0,"E: Uncertainty",NA,NA,NA,NA,NA,NA,NA,NA,"E: Uncertainty","E: Uncertainty",NA,NA,"E: Uncertainty",NA,NA,NA,NA,NA,"E: Uncertainty",NA,"E: Uncertainty",NA,NA,NA,NA,"E: Uncertainty","E: Uncertainty",NA,NA,NA,NA,"E: Uncertainty",NA,NA,NA,NA,NA,NA,NA
"2022-09-15 19:00:00","PM10",NA,NA,0,222.6159,1122.3898,84.6039,213.8421,8.73,NA,0.7069,3.2234,303.3322,0,0.561,16.1013,28.2711,0,0,2.2917,NA,6.4972,NA,0,0,NA,NA,NA,0,0,NA,NA,NA,3.9996,0,0,0,0,0,23.5062,0,"E: Uncertainty","E: Uncertainty",NA,NA,NA,NA,NA,NA,"E: Uncertainty",NA,NA,NA,NA,NA,NA,NA,NA,NA,NA,"E: Uncertainty",NA,"E: Uncertainty",NA,NA,"E: Uncertainty","E: Uncertainty","E: Uncertainty",NA,NA,"E: Uncertainty","E: Uncertainty","E: Uncertainty",NA,NA,NA,NA,NA,NA,NA,NA
"2022-09-15 20:00:00","PM2.5",NA,0,NA,148.9378,281.045,43.4858,27.6193,NA,0,NA,NA,77.3452,0,NA,5.3413,17.8077,0,0,0.756,NA,5.6363,NA,0,0,0,NA,NA,0,0,0,NA,NA,NA,0,0,0,0,0,5.878,0,"E: Uncertainty",NA,"E: Uncertainty",NA,NA,NA,NA,"E: Uncertainty",NA,"E: Uncertainty","E: Uncertainty",NA,NA,"E: Uncertainty",NA,NA,NA,NA,NA,"E: Uncertainty",NA,"E: Uncertainty",NA,NA,NA,"E: Uncertainty","E: Uncertainty",NA,NA,NA,"E: Uncertainty","E: Uncertainty","E: Uncertainty",NA,NA,NA,NA,NA,NA,NA
"2022-09-15 21:00:00","PM10",NA,0,0,178.2326,1238.2826,64.4696,110.0042,2.6168,0,NA,1.0363,169.5476,0,0,8.1846,9.2618,0,0,0.5565,NA,4.0094,NA,0,0,0,18.1272,NA,NA,0,0,NA,0,6.7593,0,0,0,0,0,0,0,"E: Uncertainty",NA,NA,NA,NA,NA,NA,NA,NA,"E: Uncertainty",NA,NA,NA,NA,NA,NA,NA,NA,NA,"E: Uncertainty",NA,"E: Uncertainty",NA,NA,NA,NA,"E: Uncertainty","E: Uncertainty",NA,NA,"E: Uncertainty",NA,NA,NA,NA,NA,NA,NA,NA,NA
"2022-09-15 22:00:00","PM2.5",NA,0,0,130.5026,250.6783,31.5178,19.9921,NA,NA,0.0075,NA,59.8029,0,0,4.378,10.5175,0,0,1.2542,0,8.9166,NA,0,0,0,NA,NA,NA,0,NA,NA,0,0,0,0,0,0,0,1.6401,0,"E: Uncertainty",NA,NA,NA,NA,NA,NA,"E: Uncertainty","E: Uncertainty",NA,"E: Uncertainty",NA,NA,NA,NA,NA,NA,NA,NA,NA,NA,"E: Uncertainty",NA,NA,NA,"E: Uncertainty","E: Uncertainty","E: Uncertainty",NA,"E: Uncertainty","E: Uncertainty",NA,NA,NA,NA,NA,NA,NA,NA,NA
"2022-09-15 23:00:00","PM10",1405.4457,0,0,203.1919,1572.103,71.6557,83.0209,NA,NA,NA,NA,92.0911,NA,0,2.7858,7.3764,0,0,0,0.0045,6.743,NA,0,0,0,16.5373,0,NA,0,0,NA,NA,NA,0,0,0,0,0,1.5031,0,NA,NA,NA,NA,NA,NA,NA,"E: Uncertainty","E: Uncertainty","E: Uncertainty","E: Uncertainty",NA,"E: Uncertainty",NA,NA,NA,NA,NA,NA,NA,NA,"E: Uncertainty",NA,NA,NA,NA,NA,"E: Uncertainty",NA,NA,"E: Uncertainty","E: Uncertainty","E: Uncertainty",NA,NA,NA,NA,NA,NA,NA
"2022-09-16 00:30:00","PM2.5",1905.0582,0,0,136.0065,491.6779,29.0648,18.3566,NA,0,0,0,11.3227,0,NA,NA,2.8572,0,0,NA,0,NA,NA,0,0,0,NA,NA,NA,0,0,0,NA,0,0,NA,0,0,0,0,0,NA,NA,NA,NA,NA,NA,NA,"E: Uncertainty",NA,NA,NA,NA,NA,"E: Uncertainty","E: Uncertainty",NA,NA,NA,"E: Uncertainty",NA,"E: Uncertainty","E: Uncertainty",NA,NA,NA,"E: Uncertainty","E: Uncertainty","E: Uncertainty",NA,NA,NA,"E: Uncertainty",NA,NA,"E: Uncertainty",NA,NA,NA,NA,NA
"2022-09-16 01:00:00","PM10",NA,0,0,236.6196,1621.2633,47.0302,84.8993,NA,NA,0,NA,42.5634,NA,0,1.1429,4.5912,0,0,NA,NA,2.4396,NA,0,0,0,NA,0,NA,0,0,NA,NA,NA,0,NA,0,0,0,0.0011,0,"E: Uncertainty",NA,NA,NA,NA,NA,NA,"E: Uncertainty","E: Uncertainty",NA,"E: Uncertainty",NA,"E: Uncertainty",NA,NA,NA,NA,NA,"E: Uncertainty","E: Uncertainty",NA,"E: Uncertainty",NA,NA,NA,"E: Uncertainty",NA,"E: Uncertainty",NA,NA,"E: Uncertainty","E: Uncertainty","E: Uncertainty",NA,"E: Uncertainty",NA,NA,NA,NA,NA
"2022-09-16 02:00:00","PM2.5",NA,0,0,137.4017,360.5941,18.4769,15.2963,0,0,NA,0,9.4023,0,0,NA,4.4234,0,0,0,NA,0.6013,NA,0,0,0,14.9704,0,0,0,0,NA,NA,NA,0,0,0,0,0,NA,0,"E: Uncertainty",NA,NA,NA,NA,NA,NA,NA,NA,"E: Uncertainty",NA,NA,NA,NA,"E: Uncertainty",NA,NA,NA,NA,"E: Uncertainty",NA,"E: Uncertainty",NA,NA,NA,NA,NA,NA,NA,NA,"E: Uncertainty","E: Uncertainty","E: Uncertainty",NA,NA,NA,NA,NA,"E: Uncertainty",NA
"2022-09-16 03:00:00","PM10",0,0,0,199.9613,1301.1686,45.4171,58.3405,0,0,NA,NA,26.1258,0,NA,1.0014,2.8729,0,0,0.3777,0.4447,1.6094,NA,0,0,0,12.0472,NA,NA,0,0,NA,0,0,0,0,0,0,0,0,0,NA,NA,NA,NA,NA,NA,NA,NA,NA,"E: Uncertainty","E: Uncertainty",NA,NA,"E: Uncertainty",NA,NA,NA,NA,NA,NA,NA,"E: Uncertainty",NA,NA,NA,NA,"E: Uncertainty","E: Uncertainty",NA,NA,"E: Uncertainty",NA,NA,NA,NA,NA,NA,NA,NA,NA
"2022-09-16 04:00:00","PM2.5",0,0,0,123.1064,270.7491,20.6025,14.7502,NA,NA,0,0,15.4092,0,0,0.6073,6.0803,0,0,NA,0,NA,NA,0,0,0,21.5434,0.1142,0,0,NA,NA,NA,0,0,0,0,0,0,0,0,NA,NA,NA,NA,NA,NA,NA,"E: Uncertainty","E: Uncertainty",NA,NA,NA,NA,NA,NA,NA,NA,NA,"E: Uncertainty",NA,"E: Uncertainty","E: Uncertainty",NA,NA,NA,NA,NA,NA,NA,"E: Uncertainty","E: Uncertainty","E: Uncertainty",NA,NA,NA,NA,NA,NA,NA,NA
"2022-09-16 05:00:00","PM10",NA,0,0,164.9463,748.325,35.9888,48.8143,2.2321,0,0,NA,142.0312,0,0,6.8289,6.2527,0,0,NA,NA,0.8216,NA,0,0,0,9.5205,14.2,NA,0,0,NA,NA,NA,0,0,0,0,0,0,0,"E: Uncertainty",NA,NA,NA,NA,NA,NA,NA,NA,NA,"E: Uncertainty",NA,NA,NA,NA,NA,NA,NA,"E: Uncertainty","E: Uncertainty",NA,"E: Uncertainty",NA,NA,NA,NA,NA,"E: Uncertainty",NA,NA,"E: Uncertainty","E: Uncertainty","E: Uncertainty",NA,NA,NA,NA,NA,NA,NA
"2022-09-16 06:00:00","PM2.5",NA,0,0,110.6148,228.4972,21.8957,22.3343,NA,0,NA,NA,100.3671,0,NA,5.4523,35.8677,0,0,0.4754,0,1.1707,NA,0,0,NA,NA,NA,NA,0,NA,NA,0,NA,0,0,0,0,0,3.1307,0,"E: Uncertainty",NA,NA,NA,NA,NA,NA,"E: Uncertainty",NA,"E: Uncertainty","E: Uncertainty",NA,NA,"E: Uncertainty",NA,NA,NA,NA,NA,NA,NA,"E: Uncertainty",NA,NA,"E: Uncertainty","E: Uncertainty","E: Uncertainty","E: Uncertainty",NA,"E: Uncertainty","E: Uncertainty",NA,"E: Uncertainty",NA,NA,NA,NA,NA,NA,NA
"2022-09-16 07:00:00","PM10",0,NA,0,419.9099,1000.4281,86.5553,225.3846,11.1417,0,1.1081,4.5874,386.885,0,NA,12.2863,49.2543,0,0,1.0261,NA,2.5296,NA,0,0,0,NA,NA,NA,0,NA,0,0,4.6859,0,0,0,0,0,8.9984,0,NA,"E: Uncertainty",NA,NA,NA,NA,NA,NA,NA,NA,NA,NA,NA,"E: Uncertainty",NA,NA,NA,NA,NA,"E: Uncertainty",NA,"E: Uncertainty",NA,NA,NA,"E: Uncertainty","E: Uncertainty","E: Uncertainty",NA,"E: Uncertainty",NA,NA,NA,NA,NA,NA,NA,NA,NA,NA
"2022-09-16 08:00:00","PM2.5",NA,NA,NA,243.5148,207.8971,45.0377,80.9262,5.1483,0,0.6039,4.8331,212.5887,0,0,7.9136,220.6759,0,0,0.6662,0,1.1807,NA,0,0,0,19.3446,NA,NA,0,0,NA,NA,NA,0,0,0,0,0,4.0514,67.3383,"E: Uncertainty","E: Uncertainty","E: Uncertainty",NA,NA,NA,NA,NA,NA,NA,NA,NA,NA,NA,NA,NA,NA,NA,NA,NA,NA,"E: Uncertainty",NA,NA,NA,NA,"E: Uncertainty","E: Uncertainty",NA,NA,"E: Uncertainty","E: Uncertainty","E: Uncertainty",NA,NA,NA,NA,NA,NA,NA
"2022-09-16 09:00:00","PM10",0,287.6378,0,230.3565,365.5933,87.5485,368.5578,20.001,NA,0.926,5.6513,501.5764,NA,0.7388,15.57,106.8547,0,0,1.4186,0,1.3548,1.5172,0,NA,0,12.0868,NA,NA,0,0,NA,NA,3.6217,0,0,0,0,0,4.324,13.402,NA,NA,NA,NA,NA,NA,NA,NA,"E: Uncertainty",NA,NA,NA,"E: Uncertainty",NA,NA,NA,NA,NA,NA,NA,NA,NA,NA,"E: Uncertainty",NA,NA,"E: Uncertainty","E: Uncertainty",NA,NA,"E: Uncertainty","E: Uncertainty",NA,NA,NA,NA,NA,NA,NA,NA
"2022-09-16 10:00:00","PM2.5",NA,0,NA,141.1041,35.7728,25.8642,77.8343,3.2896,0,NA,1.0976,95.1371,0,0,4.0473,44.075,0,0,1.1233,0,0.611,NA,0,0,0,9.6788,NA,NA,0,NA,NA,NA,NA,0,0,0,0,0,0,13.0598,"E: Uncertainty",NA,"E: Uncertainty",NA,NA,NA,NA,NA,NA,"E: Uncertainty",NA,NA,NA,NA,NA,NA,NA,NA,NA,NA,NA,"E: Uncertainty",NA,NA,NA,NA,"E: Uncertainty","E: Uncertainty",NA,"E: Uncertainty","E: Uncertainty","E: Uncertainty","E: Uncertainty",NA,NA,NA,NA,NA,NA,NA
"2022-09-16 11:00:00","PM10",0,288.555,0,176.6072,186.9098,98.775,466.9824,17.7742,0,NA,5.2112,309.4372,NA,0.8543,9.9365,63.4067,0,0,NA,0,1.0089,1.592,0,0,0,19.125,0,NA,0,NA,0,0,5.0234,0,0,0,0,0,2.6304,14.3045,NA,NA,NA,NA,NA,NA,NA,NA,NA,"E: Uncertainty",NA,NA,"E: Uncertainty",NA,NA,NA,NA,NA,"E: Uncertainty",NA,NA,NA,NA,NA,NA,NA,NA,"E: Uncertainty",NA,"E: Uncertainty",NA,NA,NA,NA,NA,NA,NA,NA,NA,NA
"2022-09-16 12:00:00","PM2.5",0,NA,0,132.446,20.0658,32.4305,113.6981,2.8388,0,0,NA,87.8163,NA,0.0081,3.5968,25.716,0,0,0,0,NA,0,0,0,0,14.2883,0,0,0,NA,NA,NA,NA,0,0,0,0,0,2.0173,4.7645,NA,"E: Uncertainty",NA,NA,NA,NA,NA,NA,NA,NA,"E: Uncertainty",NA,"E: Uncertainty",NA,NA,NA,NA,NA,NA,NA,"E: Uncertainty",NA,NA,NA,NA,NA,NA,NA,NA,"E: Uncertainty","E: Uncertainty","E: Uncertainty","E: Uncertainty",NA,NA,NA,NA,NA,NA,NA
"2022-09-16 13:00:00","PM10",NA,863.7366,0,170.2685,128.524,149.2622,770.7857,22.3401,NA,0.6851,7.1742,368.1082,0,NA,7.5,16.2928,0,0,0.6465,0,1.0934,1.913,0,0,0,12.3917,0,NA,0,0,NA,0,NA,0,0,0,0,0,2.6523,0,"E: Uncertainty",NA,NA,NA,NA,NA,NA,NA,"E: Uncertainty",NA,NA,NA,NA,"E: Uncertainty",NA,NA,NA,NA,NA,NA,NA,NA,NA,NA,NA,NA,NA,"E: Uncertainty",NA,NA,"E: Uncertainty",NA,"E: Uncertainty",NA,NA,NA,NA,NA,NA,NA
"2022-09-16 14:00:00","PM2.5",NA,1.3416,0,165.1459,NA,27.5008,99.1189,2.6544,0,NA,NA,87.0863,0,0,2.3576,5.5414,0,0,NA,0,0.7728,NA,0,0,0,16.437,NA,NA,0,NA,NA,NA,0,0,NA,0,0,0,1.8922,0,"E: Uncertainty",NA,NA,NA,"E: Uncertainty",NA,NA,NA,NA,"E: Uncertainty","E: Uncertainty",NA,NA,NA,NA,NA,NA,NA,"E: Uncertainty",NA,NA,"E: Uncertainty",NA,NA,NA,NA,"E: Uncertainty","E: Uncertainty",NA,"E: Uncertainty","E: Uncertainty","E: Uncertainty",NA,NA,"E: Uncertainty",NA,NA,NA,NA,NA
"2022-09-16 15:00:00","PM10",NA,365.3931,0,195.005,156.7239,87.217,560.5281,14.9058,0,0.7958,4.827,320.4264,NA,NA,5.5718,16.6779,0,0,0.9603,0,0.8839,NA,0,0,NA,15.2285,0,0,0,NA,NA,NA,NA,0,0,0,0,0,1.3024,0,"E: Uncertainty",NA,NA,NA,NA,NA,NA,NA,NA,NA,NA,NA,"E: Uncertainty","E: Uncertainty",NA,NA,NA,NA,NA,NA,NA,"E: Uncertainty",NA,NA,"E: Uncertainty",NA,NA,NA,NA,"E: Uncertainty","E: Uncertainty","E: Uncertainty","E: Uncertainty",NA,NA,NA,NA,NA,NA,NA
"2022-09-16 16:00:00","PM2.5",NA,0,0,168.4856,42.3682,28.6092,78.2489,3.07,0,NA,NA,86.9868,0,NA,3.0098,4.9842,0,0,0.5287,0,0.8659,0,0,NA,0,NA,0,0,0,NA,0,0,NA,0,0,0,0,0,5.532,0,"E: Uncertainty",NA,NA,NA,NA,NA,NA,NA,NA,"E: Uncertainty","E: Uncertainty",NA,NA,"E: Uncertainty",NA,NA,NA,NA,NA,NA,NA,NA,NA,"E: Uncertainty",NA,"E: Uncertainty",NA,NA,NA,"E: Uncertainty",NA,NA,"E: Uncertainty",NA,NA,NA,NA,NA,NA,NA
"2022-09-16 17:00:00","PM10",0,166.9794,0,190.0735,144.674,59.1219,320.7566,9.9752,0,1.4375,2.3483,406.3369,0,NA,10.3743,25.0624,0,0,0,0.0058,2.117,NA,0,0,0,NA,NA,0,0,0,NA,NA,9.9105,0,0,0,0,0,3.8954,0,NA,NA,NA,NA,NA,NA,NA,NA,NA,NA,NA,NA,NA,"E: Uncertainty",NA,NA,NA,NA,NA,NA,NA,"E: Uncertainty",NA,NA,NA,"E: Uncertainty","E: Uncertainty",NA,NA,NA,"E: Uncertainty","E: Uncertainty",NA,NA,NA,NA,NA,NA,NA,NA
"2022-09-16 18:00:00","PM2.5",NA,0,0,174.6558,20.4202,41.6938,48.4714,1.8005,0,NA,NA,137.8906,0,0,7.2156,8.8845,0,0,0.7672,0,1.7396,NA,0,0,0,20.2127,NA,NA,0,0,0,NA,3.289,0,0,0,0,0,3.5202,0,"E: Uncertainty",NA,NA,NA,NA,NA,NA,NA,NA,"E: Uncertainty","E: Uncertainty",NA,NA,NA,NA,NA,NA,NA,NA,NA,NA,"E: Uncertainty",NA,NA,NA,NA,"E: Uncertainty","E: Uncertainty",NA,NA,NA,"E: Uncertainty",NA,NA,NA,NA,NA,NA,NA,NA
"2022-09-16 19:00:00","PM10",NA,169.5646,39.8435,179.8463,339.5618,83.5949,268.5498,12.4186,0,1.2351,2.4682,430.8996,0,0,25.3706,44.1731,0,0,4.5521,0,17.1568,NA,0,0,0,18.3755,NA,0,0,0,NA,NA,12.7219,0,0,0,0,0,5.5197,0,"E: Uncertainty",NA,NA,NA,NA,NA,NA,NA,NA,NA,NA,NA,NA,NA,NA,NA,NA,NA,NA,NA,NA,"E: Uncertainty",NA,NA,NA,NA,"E: Uncertainty",NA,NA,NA,"E: Uncertainty","E: Uncertainty",NA,NA,NA,NA,NA,NA,NA,NA
"2022-09-16 20:00:00","PM2.5",0,0,0,136.6655,118.5903,95.5377,38.6446,1.2357,0,NA,NA,112.8082,NA,0,5.611,14.3728,0,0,0.4557,NA,6.0305,NA,0,0,0,17.4407,NA,NA,0,NA,NA,NA,3.4326,0,0,0,0,0,3.9362,0,NA,NA,NA,NA,NA,NA,NA,NA,NA,"E: Uncertainty","E: Uncertainty",NA,"E: Uncertainty",NA,NA,NA,NA,NA,NA,"E: Uncertainty",NA,"E: Uncertainty",NA,NA,NA,NA,"E: Uncertainty","E: Uncertainty",NA,"E: Uncertainty","E: Uncertainty","E: Uncertainty",NA,NA,NA,NA,NA,NA,NA,NA
"2022-09-16 21:00:00","PM10",NA,NA,0,181.4165,538.5385,115.4026,204.1709,6.8414,0,NA,2.2185,345.3426,0,0.7884,22.6385,30.9723,0,0,1.7552,0.4353,4.8857,NA,0,0,0,NA,NA,0,0,0,NA,0,11.3002,0,0,0,0,0,23.2709,0,"E: Uncertainty","E: Uncertainty",NA,NA,NA,NA,NA,NA,NA,"E: Uncertainty",NA,NA,NA,NA,NA,NA,NA,NA,NA,NA,NA,"E: Uncertainty",NA,NA,NA,"E: Uncertainty","E: Uncertainty",NA,NA,NA,"E: Uncertainty",NA,NA,NA,NA,NA,NA,NA,NA,NA
"2022-09-16 22:00:00","PM2.5",708.9341,0,0,178.8928,71.0817,54.8503,30.7948,1.2923,0,NA,NA,112.1784,0,NA,9.0668,28.6878,0,0,2.5036,0.6377,2.8993,NA,0,0,0,NA,NA,0,0,NA,NA,0,NA,0,0,0,0,0,29.9625,0,NA,NA,NA,NA,NA,NA,NA,NA,NA,"E: Uncertainty","E: Uncertainty",NA,NA,"E: Uncertainty",NA,NA,NA,NA,NA,NA,NA,"E: Uncertainty",NA,NA,NA,"E: Uncertainty","E: Uncertainty",NA,NA,"E: Uncertainty","E: Uncertainty",NA,"E: Uncertainty",NA,NA,NA,NA,NA,NA,NA
"2022-09-16 23:00:00","PM10",NA,0,NA,161.2249,353.4632,87.5029,107.8977,2.6207,0,0.9238,1.2033,251.348,NA,NA,6.2886,9.8477,0,0,0,0.8862,2.59,0,0,0,0,13.3875,NA,NA,NA,NA,NA,NA,NA,0,0,0,0,0,14.6301,0,"E: Uncertainty",NA,"E: Uncertainty",NA,NA,NA,NA,NA,NA,NA,NA,NA,"E: Uncertainty","E: Uncertainty",NA,NA,NA,NA,NA,NA,NA,NA,NA,NA,NA,NA,"E: Uncertainty","E: Uncertainty","E: Uncertainty","E: Uncertainty","E: Uncertainty","E: Uncertainty","E: Uncertainty",NA,NA,NA,NA,NA,NA,NA
"2022-09-17 00:30:00","PM2.5",NA,0,0,141.1665,34.9037,46.7293,33.2876,NA,0,NA,0,71.5086,0,0,6.9356,12.1001,0,0,1.624,NA,1.7012,NA,0,0,0,22.6753,0,NA,0,NA,NA,0,NA,0,0,0,0,0,24.5054,0,"E: Uncertainty",NA,NA,NA,NA,NA,NA,"E: Uncertainty",NA,"E: Uncertainty",NA,NA,NA,NA,NA,NA,NA,NA,NA,"E: Uncertainty",NA,"E: Uncertainty",NA,NA,NA,NA,NA,"E: Uncertainty",NA,"E: Uncertainty","E: Uncertainty",NA,"E: Uncertainty",NA,NA,NA,NA,NA,NA,NA
"2022-09-17 01:00:00","PM10",NA,NA,0,193.5111,237.3393,74.2629,97.5677,4.8303,0,0.8355,1.1879,277.7787,0,NA,11.0262,14.9229,0,0,1.5087,0.6709,2.9063,NA,0,NA,0,19.2607,NA,0,0,NA,NA,NA,4.0754,0,0,0,0,0,16.55,0,"E: Uncertainty","E: Uncertainty",NA,NA,NA,NA,NA,NA,NA,NA,NA,NA,NA,"E: Uncertainty",NA,NA,NA,NA,NA,NA,NA,"E: Uncertainty",NA,"E: Uncertainty",NA,NA,"E: Uncertainty",NA,NA,"E: Uncertainty","E: Uncertainty","E: Uncertainty",NA,NA,NA,NA,NA,NA,NA,NA
"2022-09-17 02:00:00","PM2.5",NA,NA,NA,NA,NA,NA,NA,NA,NA,NA,NA,NA,NA,NA,NA,NA,NA,NA,NA,NA,NA,NA,NA,NA,NA,NA,NA,NA,NA,NA,NA,NA,NA,NA,NA,NA,NA,NA,NA,NA,"E: Uncertainty","E: Erroneous Data","E: Erroneous Data","E: Erroneous Data","E: Erroneous Data","E: Erroneous Data","E: Erroneous Data","E: Uncertainty","E: Erroneous Data","E: Erroneous Data","E: Erroneous Data","E: Erroneous Data","E: Erroneous Data","E: Erroneous Data","E: Erroneous Data","E: Erroneous Data","E: Erroneous Data","E: Erroneous Data","E: Uncertainty","E: Uncertainty","E: Erroneous Data","E: Uncertainty","E: Erroneous Data","E: Erroneous Data","E: Erroneous Data","E: Erroneous Data","E: Erroneous Data","E: Erroneous Data","E: Erroneous Data","E: Uncertainty","E: Uncertainty","E: Uncertainty","E: Uncertainty","E: Erroneous Data","E: Erroneous Data","E: Erroneous Data","E: Erroneous Data","E: Erroneous Data","E: Erroneous Data","E: Erroneous Data"
"2022-09-17 03:00:00","PM10",NA,NA,NA,NA,NA,NA,NA,NA,NA,NA,NA,NA,NA,NA,NA,NA,NA,NA,NA,NA,NA,NA,NA,NA,NA,NA,NA,NA,NA,NA,NA,NA,NA,NA,NA,NA,NA,NA,NA,NA,"E: Erroneous Data","E: Erroneous Data","E: Erroneous Data","E: Erroneous Data","E: Erroneous Data","E: Erroneous Data","E: Erroneous Data","E: Erroneous Data","E: Uncertainty","E: Uncertainty","E: Uncertainty","E: Erroneous Data","E: Uncertainty","E: Uncertainty","E: Erroneous Data","E: Erroneous Data","E: Erroneous Data","E: Erroneous Data","E: Erroneous Data","E: Uncertainty","E: Erroneous Data","E: Uncertainty","E: Erroneous Data","E: Erroneous Data","E: Erroneous Data","E: Uncertainty","E: Erroneous Data","E: Erroneous Data","E: Erroneous Data","E: Erroneous Data","E: Uncertainty","E: Erroneous Data","E: Uncertainty","E: Erroneous Data","E: Erroneous Data","E: Erroneous Data","E: Erroneous Data","E: Erroneous Data","E: Erroneous Data","E: Erroneous Data"
"2022-09-17 04:00:00","PM2.5",NA,NA,NA,NA,NA,NA,NA,NA,NA,NA,NA,NA,NA,NA,NA,NA,NA,NA,NA,NA,NA,NA,NA,NA,NA,NA,NA,NA,NA,NA,NA,NA,NA,NA,NA,NA,NA,NA,NA,NA,"E: Uncertainty","E: Erroneous Data","E: Erroneous Data","E: Erroneous Data","E: Erroneous Data","E: Erroneous Data","E: Erroneous Data","E: Uncertainty","E: Erroneous Data","E: Erroneous Data","E: Erroneous Data","E: Erroneous Data","E: Erroneous Data","E: Erroneous Data","E: Erroneous Data","E: Erroneous Data","E: Erroneous Data","E: Erroneous Data","E: Erroneous Data","E: Uncertainty","E: Erroneous Data","E: Erroneous Data","E: Erroneous Data","E: Erroneous Data","E: Erroneous Data","E: Erroneous Data","E: Uncertainty","E: Uncertainty","E: Erroneous Data","E: Uncertainty","E: Uncertainty","E: Uncertainty","E: Erroneous Data","E: Erroneous Data","E: Erroneous Data","E: Erroneous Data","E: Erroneous Data","E: Erroneous Data","E: Erroneous Data","E: Erroneous Data"
"2022-09-17 05:00:00","PM10",NA,0,0,175.3769,712.5179,65.4966,65.4574,1.4653,0,0,NA,98.9169,0,0,4.6529,25.5298,0,0,1.7012,0,2.5886,NA,0,0,0,NA,NA,0,0,NA,NA,0,NA,0,0,0,0,0,3.6324,0,"E: Uncertainty",NA,NA,NA,NA,NA,NA,NA,NA,NA,"E: Uncertainty",NA,NA,NA,NA,NA,NA,NA,NA,NA,NA,"E: Uncertainty",NA,NA,NA,"E: Uncertainty","E: Uncertainty",NA,NA,"E: Uncertainty","E: Uncertainty",NA,"E: Uncertainty",NA,NA,NA,NA,NA,NA,NA
"2022-09-17 06:00:00","PM2.5",NA,NA,NA,NA,NA,NA,NA,NA,NA,NA,NA,NA,NA,NA,NA,NA,NA,NA,NA,NA,NA,NA,NA,NA,NA,NA,NA,NA,NA,NA,NA,NA,NA,NA,NA,NA,NA,NA,NA,NA,"E: Uncertainty","E: Erroneous Data","E: Erroneous Data","E: Erroneous Data","E: Erroneous Data","E: Erroneous Data","E: Erroneous Data","E: Uncertainty","E: Erroneous Data","E: Uncertainty","E: Erroneous Data","E: Erroneous Data","E: Erroneous Data","E: Uncertainty","E: Erroneous Data","E: Erroneous Data","E: Erroneous Data","E: Erroneous Data","E: Erroneous Data","E: Erroneous Data","E: Erroneous Data","E: Uncertainty","E: Erroneous Data","E: Erroneous Data","E: Erroneous Data","E: Uncertainty","E: Erroneous Data","E: Uncertainty","E: Erroneous Data","E: Erroneous Data","E: Uncertainty","E: Uncertainty","E: Uncertainty","E: Erroneous Data","E: Erroneous Data","E: Erroneous Data","E: Erroneous Data","E: Erroneous Data","E: Erroneous Data","E: Erroneous Data"
"2022-09-17 07:00:00","PM10",NA,NA,NA,NA,NA,NA,NA,NA,NA,NA,NA,NA,NA,NA,NA,NA,NA,NA,NA,NA,NA,NA,NA,NA,NA,NA,NA,NA,NA,NA,NA,NA,NA,NA,NA,NA,NA,NA,NA,NA,"E: Erroneous Data","E: Erroneous Data","E: Erroneous Data","E: Erroneous Data","E: Erroneous Data","E: Erroneous Data","E: Erroneous Data","E: Erroneous Data","E: Erroneous Data","E: Uncertainty","E: Erroneous Data","E: Erroneous Data","E: Erroneous Data","E: Uncertainty","E: Erroneous Data","E: Erroneous Data","E: Erroneous Data","E: Erroneous Data","E: Erroneous Data","E: Erroneous Data","E: Erroneous Data","E: Uncertainty","E: Erroneous Data","E: Uncertainty","E: Erroneous Data","E: Erroneous Data","E: Uncertainty","E: Erroneous Data","E: Erroneous Data","E: Uncertainty","E: Uncertainty","E: Uncertainty","E: Erroneous Data","E: Erroneous Data","E: Erroneous Data","E: Erroneous Data","E: Erroneous Data","E: Erroneous Data","E: Erroneous Data","E: Erroneous Data"
"2022-09-17 08:00:00","PM2.5",NA,NA,NA,NA,NA,NA,NA,NA,NA,NA,NA,NA,NA,NA,NA,NA,NA,NA,NA,NA,NA,NA,NA,NA,NA,NA,NA,NA,NA,NA,NA,NA,NA,NA,NA,NA,NA,NA,NA,NA,"E: Uncertainty","E: Uncertainty","E: Erroneous Data","E: Erroneous Data","E: Erroneous Data","E: Erroneous Data","E: Erroneous Data","E: Erroneous Data","E: Erroneous Data","E: Uncertainty","E: Erroneous Data","E: Erroneous Data","E: Erroneous Data","E: Erroneous Data","E: Erroneous Data","E: Erroneous Data","E: Erroneous Data","E: Erroneous Data","E: Erroneous Data","E: Erroneous Data","E: Erroneous Data","E: Uncertainty","E: Erroneous Data","E: Erroneous Data","E: Erroneous Data","E: Erroneous Data","E: Uncertainty","E: Uncertainty","E: Erroneous Data","E: Uncertainty","E: Uncertainty","E: Erroneous Data","E: Uncertainty","E: Erroneous Data","E: Erroneous Data","E: Erroneous Data","E: Erroneous Data","E: Erroneous Data","E: Erroneous Data","E: Erroneous Data"
"2022-09-17 09:00:00","PM10",NA,NA,0,160.3313,953.696,126.5202,396.1166,6.7921,0,NA,1.9832,214.576,0,NA,6.5598,13.5284,0,0,0,0,2.7405,NA,0,0,0,NA,0,0,0,0,0,NA,4.2373,0,0,0,0,0,5.7986,0,"E: Uncertainty","E: Uncertainty",NA,NA,NA,NA,NA,NA,NA,"E: Uncertainty",NA,NA,NA,"E: Uncertainty",NA,NA,NA,NA,NA,NA,NA,"E: Uncertainty",NA,NA,NA,"E: Uncertainty",NA,NA,NA,NA,NA,"E: Uncertainty",NA,NA,NA,NA,NA,NA,NA,NA
"2022-09-17 10:00:00","PM2.5",NA,NA,NA,NA,NA,NA,NA,NA,NA,NA,NA,NA,NA,NA,NA,NA,NA,NA,NA,NA,NA,NA,NA,NA,NA,NA,NA,NA,NA,NA,NA,NA,NA,NA,NA,NA,NA,NA,NA,NA,"E: Uncertainty","E: Erroneous Data","E: Erroneous Data","E: Erroneous Data","E: Erroneous Data","E: Erroneous Data","E: Erroneous Data","E: Erroneous Data","E: Erroneous Data","E: Erroneous Data","E: Uncertainty","E: Erroneous Data","E: Uncertainty","E: Erroneous Data","E: Erroneous Data","E: Erroneous Data","E: Erroneous Data","E: Erroneous Data","E: Uncertainty","E: Erroneous Data","E: Erroneous Data","E: Uncertainty","E: Erroneous Data","E: Erroneous Data","E: Erroneous Data","E: Erroneous Data","E: Uncertainty","E: Erroneous Data","E: Erroneous Data","E: Erroneous Data","E: Erroneous Data","E: Erroneous Data","E: Erroneous Data","E: Erroneous Data","E: Erroneous Data","E: Erroneous Data","E: Erroneous Data","E: Erroneous Data","E: Erroneous Data","E: Erroneous Data"
"2022-09-17 11:00:00","PM10",NA,NA,NA,NA,NA,NA,NA,NA,NA,NA,NA,NA,NA,NA,NA,NA,NA,NA,NA,NA,NA,NA,NA,NA,NA,NA,NA,NA,NA,NA,NA,NA,NA,NA,NA,NA,NA,NA,NA,NA,"E: Erroneous Data","E: Erroneous Data","E: Erroneous Data","E: Erroneous Data","E: Erroneous Data","E: Erroneous Data","E: Erroneous Data","E: Erroneous Data","E: Erroneous Data","E: Uncertainty","E: Erroneous Data","E: Erroneous Data","E: Erroneous Data","E: Erroneous Data","E: Erroneous Data","E: Erroneous Data","E: Erroneous Data","E: Erroneous Data","E: Erroneous Data","E: Uncertainty","E: Erroneous Data","E: Erroneous Data","E: Erroneous Data","E: Erroneous Data","E: Erroneous Data","E: Uncertainty","E: Uncertainty","E: Uncertainty","E: Erroneous Data","E: Uncertainty","E: Uncertainty","E: Uncertainty","E: Uncertainty","E: Erroneous Data","E: Erroneous Data","E: Erroneous Data","E: Erroneous Data","E: Erroneous Data","E: Erroneous Data","E: Erroneous Data"
"2022-09-17 12:00:00","PM2.5",NA,NA,NA,NA,NA,NA,NA,NA,NA,NA,NA,NA,NA,NA,NA,NA,NA,NA,NA,NA,NA,NA,NA,NA,NA,NA,NA,NA,NA,NA,NA,NA,NA,NA,NA,NA,NA,NA,NA,NA,"E: Uncertainty","E: Erroneous Data","E: Erroneous Data","E: Erroneous Data","E: Erroneous Data","E: Erroneous Data","E: Erroneous Data","E: Erroneous Data","E: Erroneous Data","E: Erroneous Data","E: Uncertainty","E: Erroneous Data","E: Erroneous Data","E: Erroneous Data","E: Erroneous Data","E: Erroneous Data","E: Erroneous Data","E: Erroneous Data","E: Erroneous Data","E: Uncertainty","E: Erroneous Data","E: Uncertainty","E: Erroneous Data","E: Erroneous Data","E: Erroneous Data","E: Erroneous Data","E: Erroneous Data","E: Erroneous Data","E: Erroneous Data","E: Uncertainty","E: Uncertainty","E: Erroneous Data","E: Uncertainty","E: Erroneous Data","E: Erroneous Data","E: Erroneous Data","E: Erroneous Data","E: Erroneous Data","E: Erroneous Data","E: Erroneous Data"
"2022-09-17 13:00:00","PM10",NA,NA,NA,NA,NA,NA,NA,NA,NA,NA,NA,NA,NA,NA,NA,NA,NA,NA,NA,NA,NA,NA,NA,NA,NA,NA,NA,NA,NA,NA,NA,NA,NA,NA,NA,NA,NA,NA,NA,NA,"E: Erroneous Data","E: Uncertainty","E: Erroneous Data","E: Erroneous Data","E: Erroneous Data","E: Erroneous Data","E: Erroneous Data","E: Erroneous Data","E: Uncertainty","E: Uncertainty","E: Uncertainty","E: Erroneous Data","E: Uncertainty","E: Erroneous Data","E: Erroneous Data","E: Erroneous Data","E: Erroneous Data","E: Erroneous Data","E: Erroneous Data","E: Uncertainty","E: Erroneous Data","E: Erroneous Data","E: Erroneous Data","E: Uncertainty","E: Erroneous Data","E: Erroneous Data","E: Uncertainty","E: Erroneous Data","E: Erroneous Data","E: Uncertainty","E: Uncertainty","E: Uncertainty","E: Uncertainty","E: Erroneous Data","E: Erroneous Data","E: Erroneous Data","E: Erroneous Data","E: Erroneous Data","E: Erroneous Data","E: Erroneous Data"
"2022-09-17 14:00:00","PM2.5",NA,NA,NA,NA,NA,NA,NA,NA,NA,NA,NA,NA,NA,NA,NA,NA,NA,NA,NA,NA,NA,NA,NA,NA,NA,NA,NA,NA,NA,NA,NA,NA,NA,NA,NA,NA,NA,NA,NA,NA,"E: Uncertainty","E: Erroneous Data","E: Erroneous Data","E: Erroneous Data","E: Erroneous Data","E: Erroneous Data","E: Erroneous Data","E: Uncertainty","E: Erroneous Data","E: Uncertainty","E: Uncertainty","E: Erroneous Data","E: Erroneous Data","E: Erroneous Data","E: Erroneous Data","E: Erroneous Data","E: Erroneous Data","E: Erroneous Data","E: Uncertainty","E: Erroneous Data","E: Erroneous Data","E: Uncertainty","E: Erroneous Data","E: Erroneous Data","E: Erroneous Data","E: Uncertainty","E: Uncertainty","E: Uncertainty","E: Erroneous Data","E: Erroneous Data","E: Uncertainty","E: Uncertainty","E: Erroneous Data","E: Uncertainty","E: Erroneous Data","E: Erroneous Data","E: Erroneous Data","E: Erroneous Data","E: Erroneous Data","E: Erroneous Data"
"2022-09-17 15:00:00","PM10",NA,NA,0,302.1397,311.2228,58.3988,224.9726,4.9455,NA,NA,2.0438,191.3247,0,0.5328,4.6484,9.3754,0,0,2.0797,0.847,1.5208,NA,0,0,0,NA,NA,NA,0,0,0,0,NA,0,0,0,0,0,4.7962,0,"E: Uncertainty","E: Uncertainty",NA,NA,NA,NA,NA,NA,"E: Uncertainty","E: Uncertainty",NA,NA,NA,NA,NA,NA,NA,NA,NA,NA,NA,"E: Uncertainty",NA,NA,NA,"E: Uncertainty","E: Uncertainty","E: Uncertainty",NA,NA,NA,NA,"E: Uncertainty",NA,NA,NA,NA,NA,NA,NA
"2022-09-17 16:00:00","PM2.5",NA,NA,NA,NA,NA,NA,NA,NA,NA,NA,NA,NA,NA,NA,NA,NA,NA,NA,NA,NA,NA,NA,NA,NA,NA,NA,NA,NA,NA,NA,NA,NA,NA,NA,NA,NA,NA,NA,NA,NA,"E: Erroneous Data","E: Erroneous Data","E: Erroneous Data","E: Erroneous Data","E: Erroneous Data","E: Erroneous Data","E: Erroneous Data","E: Uncertainty","E: Uncertainty","E: Uncertainty","E: Uncertainty","E: Erroneous Data","E: Uncertainty","E: Erroneous Data","E: Erroneous Data","E: Erroneous Data","E: Erroneous Data","E: Erroneous Data","E: Erroneous Data","E: Uncertainty","E: Erroneous Data","E: Uncertainty","E: Erroneous Data","E: Erroneous Data","E: Erroneous Data","E: Erroneous Data","E: Erroneous Data","E: Erroneous Data","E: Erroneous Data","E: Uncertainty","E: Uncertainty","E: Uncertainty","E: Uncertainty","E: Erroneous Data","E: Erroneous Data","E: Erroneous Data","E: Erroneous Data","E: Erroneous Data","E: Erroneous Data","E: Erroneous Data"
"2022-09-17 17:00:00","PM10",NA,NA,NA,NA,NA,NA,NA,NA,NA,NA,NA,NA,NA,NA,NA,NA,NA,NA,NA,NA,NA,NA,NA,NA,NA,NA,NA,NA,NA,NA,NA,NA,NA,NA,NA,NA,NA,NA,NA,NA,"E: Erroneous Data","E: Erroneous Data","E: Erroneous Data","E: Erroneous Data","E: Erroneous Data","E: Erroneous Data","E: Erroneous Data","E: Erroneous Data","E: Uncertainty","E: Uncertainty","E: Uncertainty","E: Erroneous Data","E: Erroneous Data","E: Erroneous Data","E: Erroneous Data","E: Erroneous Data","E: Erroneous Data","E: Erroneous Data","E: Erroneous Data","E: Uncertainty","E: Erroneous Data","E: Uncertainty","E: Erroneous Data","E: Erroneous Data","E: Erroneous Data","E: Erroneous Data","E: Erroneous Data","E: Erroneous Data","E: Erroneous Data","E: Erroneous Data","E: Uncertainty","E: Uncertainty","E: Uncertainty","E: Erroneous Data","E: Erroneous Data","E: Erroneous Data","E: Erroneous Data","E: Erroneous Data","E: Erroneous Data","E: Erroneous Data"
"2022-09-17 18:00:00","PM2.5",NA,NA,NA,NA,NA,NA,NA,NA,NA,NA,NA,NA,NA,NA,NA,NA,NA,NA,NA,NA,NA,NA,NA,NA,NA,NA,NA,NA,NA,NA,NA,NA,NA,NA,NA,NA,NA,NA,NA,NA,"E: Uncertainty","E: Erroneous Data","E: Erroneous Data","E: Erroneous Data","E: Erroneous Data","E: Erroneous Data","E: Erroneous Data","E: Uncertainty","E: Erroneous Data","E: Uncertainty","E: Erroneous Data","E: Erroneous Data","E: Uncertainty","E: Erroneous Data","E: Erroneous Data","E: Erroneous Data","E: Erroneous Data","E: Erroneous Data","E: Erroneous Data","E: Erroneous Data","E: Erroneous Data","E: Uncertainty","E: Erroneous Data","E: Erroneous Data","E: Erroneous Data","E: Erroneous Data","E: Erroneous Data","E: Erroneous Data","E: Erroneous Data","E: Uncertainty","E: Uncertainty","E: Uncertainty","E: Erroneous Data","E: Erroneous Data","E: Erroneous Data","E: Erroneous Data","E: Erroneous Data","E: Erroneous Data","E: Erroneous Data","E: Erroneous Data"
"2022-09-17 19:00:00","PM10",NA,NA,0,202.3068,872.4863,83.6294,102.7949,3.8902,0,NA,1.0449,226.8124,0,0,15.8187,13.2792,0,0,2.4908,NA,13.3921,NA,0,0,0,NA,NA,0,0,0,0,NA,3.2649,0,0,0,0,0,23.9392,0,"E: Uncertainty","E: Uncertainty",NA,NA,NA,NA,NA,NA,NA,"E: Uncertainty",NA,NA,NA,NA,NA,NA,NA,NA,NA,"E: Uncertainty",NA,"E: Uncertainty",NA,NA,NA,"E: Uncertainty","E: Uncertainty",NA,NA,NA,NA,"E: Uncertainty",NA,NA,NA,NA,NA,NA,NA,NA
"2022-09-17 20:00:00","PM2.5",NA,0,0,157.4148,149.9716,64.5506,13.5862,0,0,0,0,68.0181,0,0,7.2412,13.037,0,0,2.1046,0,7.7152,NA,0,0,0,16.5804,NA,NA,0,NA,NA,NA,3.1628,0,0,0,0,0,5.0728,0,"E: Uncertainty",NA,NA,NA,NA,NA,NA,NA,NA,NA,NA,NA,NA,NA,NA,NA,NA,NA,NA,NA,NA,"E: Uncertainty",NA,NA,NA,NA,"E: Uncertainty","E: Uncertainty",NA,"E: Uncertainty","E: Uncertainty","E: Uncertainty",NA,NA,NA,NA,NA,NA,NA,NA
"2022-09-17 21:00:00","PM10",NA,NA,0,190.1576,935.2701,61.1554,76.3113,2.741,0,NA,NA,209.2576,0,0,13.9381,9.4172,0,0,NA,0,2.2705,NA,0,0,0,NA,0,NA,0,NA,0,NA,5.2763,0,0,0,0,0,5.3577,0,"E: Uncertainty","E: Uncertainty",NA,NA,NA,NA,NA,NA,NA,"E: Uncertainty","E: Uncertainty",NA,NA,NA,NA,NA,NA,NA,"E: Uncertainty",NA,NA,"E: Uncertainty",NA,NA,NA,"E: Uncertainty",NA,"E: Uncertainty",NA,"E: Uncertainty",NA,"E: Uncertainty",NA,NA,NA,NA,NA,NA,NA,NA
"2022-09-17 22:00:00","PM2.5",NA,0,0,147.1931,165.4419,43.1406,11.9438,0,0,0,0,39.7213,NA,0,1.4153,8.3356,0,0,2.0316,0,1.4984,NA,0,0,0,NA,NA,0,0,0,0,NA,NA,0,NA,0,0,0,3.7904,0,"E: Uncertainty",NA,NA,NA,NA,NA,NA,NA,NA,NA,NA,NA,"E: Uncertainty",NA,NA,NA,NA,NA,NA,NA,NA,"E: Uncertainty",NA,NA,NA,"E: Uncertainty","E: Uncertainty",NA,NA,NA,NA,"E: Uncertainty","E: Uncertainty",NA,"E: Uncertainty",NA,NA,NA,NA,NA
"2022-09-17 23:00:00","PM10",NA,0,0,220.6956,1032.333,49.4921,64.496,1.9234,0,0,NA,62.9297,NA,NA,1.7593,3.8256,0,0,0,0,1.7123,2.278,0,0,0,0,0,NA,NA,NA,NA,0,0,0,0,0,0,0,2.252,0,"E: Uncertainty",NA,NA,NA,NA,NA,NA,NA,NA,NA,"E: Uncertainty",NA,"E: Uncertainty","E: Uncertainty",NA,NA,NA,NA,NA,NA,NA,NA,NA,NA,NA,NA,NA,"E: Uncertainty","E: Uncertainty","E: Uncertainty","E: Uncertainty",NA,NA,NA,NA,NA,NA,NA,NA,NA
"2022-09-18 00:30:00","PM2.5",0,0,0,184.5671,108.1814,35.7954,5.08,0,0,0,0,17.0126,0,0,NA,2.6028,0,0,0.7726,0,1.1796,0.0058,0,0,0,21.3791,0,NA,0,NA,0,NA,0,0,NA,0,0,0,0,0,NA,NA,NA,NA,NA,NA,NA,NA,NA,NA,NA,NA,NA,NA,"E: Uncertainty",NA,NA,NA,NA,NA,NA,NA,NA,NA,NA,NA,NA,"E: Uncertainty",NA,"E: Uncertainty",NA,"E: Uncertainty",NA,NA,"E: Uncertainty",NA,NA,NA,NA,NA
"2022-09-18 01:00:00","PM10",NA,0,0,255.3397,821.0494,52.2101,62.8239,NA,0,NA,NA,54.7636,NA,0,1.1779,5.6203,0,0,0.538,0,2.2913,NA,0,0,0,13.3616,NA,NA,0,NA,NA,NA,NA,0,0,0,0,0,1.7753,0,"E: Uncertainty",NA,NA,NA,NA,NA,NA,"E: Uncertainty",NA,"E: Uncertainty","E: Uncertainty",NA,"E: Uncertainty",NA,NA,NA,NA,NA,NA,NA,NA,"E: Uncertainty",NA,NA,NA,NA,"E: Uncertainty","E: Uncertainty",NA,"E: Uncertainty","E: Uncertainty","E: Uncertainty","E: Uncertainty",NA,NA,NA,NA,NA,NA,NA
"2022-09-18 02:00:00","PM2.5",NA,0,0,214.0502,72.6724,25.7509,9.5417,NA,0,0,0,16.4843,NA,0,0.8699,4.9648,0,0,0.4753,0,1.7225,NA,0,0,0,11.0407,0,0.0745,0,0,NA,NA,NA,0,0,0,0,0,1.3179,0,"E: Uncertainty",NA,NA,NA,NA,NA,NA,"E: Uncertainty",NA,NA,NA,NA,"E: Uncertainty",NA,NA,NA,NA,NA,NA,NA,NA,"E: Uncertainty",NA,NA,NA,NA,NA,NA,NA,NA,"E: Uncertainty","E: Uncertainty","E: Uncertainty",NA,NA,NA,NA,NA,NA,NA
"2022-09-18 03:00:00","PM10",0,0,0,249.2906,708.6677,54.5746,66.1707,NA,0,0,0.0042,44.7717,0,0,1.1441,5.2479,0,0,0,0,2.5272,NA,0,0,0,9.1775,0,NA,0,NA,NA,NA,0,0,0,0,0,0,1.7446,0,NA,NA,NA,NA,NA,NA,NA,"E: Uncertainty",NA,NA,NA,NA,NA,NA,NA,NA,NA,NA,NA,NA,NA,"E: Uncertainty",NA,NA,NA,NA,NA,"E: Uncertainty",NA,"E: Uncertainty","E: Uncertainty","E: Uncertainty",NA,NA,NA,NA,NA,NA,NA,NA
"2022-09-18 04:00:00","PM2.5",NA,0,0,202.6406,51.1187,22.0293,8.6601,0,0,0,0,13.4955,0,0,NA,3.5611,0,0,0.5803,0,1.2813,NA,0,0,0,11.1945,NA,0,0,0,NA,NA,NA,0,NA,0,0,0,NA,0,"E: Uncertainty",NA,NA,NA,NA,NA,NA,NA,NA,NA,NA,NA,NA,NA,"E: Uncertainty",NA,NA,NA,NA,NA,NA,"E: Uncertainty",NA,NA,NA,NA,"E: Uncertainty",NA,NA,NA,"E: Uncertainty","E: Uncertainty","E: Uncertainty",NA,"E: Uncertainty",NA,NA,NA,"E: Uncertainty",NA
"2022-09-18 05:00:00","PM10",672.6912,0,0,215.2808,540.8146,41.5215,50.8435,NA,0,NA,0,51.9317,0,0,1.0749,3.3997,0,0,0,0,1.8129,NA,0,0,0,NA,0,NA,0,NA,0,NA,NA,0,0,0,0,0,1.0862,0,NA,NA,NA,NA,NA,NA,NA,"E: Uncertainty",NA,"E: Uncertainty",NA,NA,NA,NA,NA,NA,NA,NA,NA,NA,NA,"E: Uncertainty",NA,NA,NA,"E: Uncertainty",NA,"E: Uncertainty",NA,"E: Uncertainty",NA,"E: Uncertainty","E: Uncertainty",NA,NA,NA,NA,NA,NA,NA
"2022-09-18 06:00:00","PM2.5",727.0536,0,0,188.74,58.6793,20.8496,10.9468,0,0,0,0,27.219,0,NA,1.9175,7.5991,0,0,0.5839,0,6.7155,0,0,0,0,14.448,NA,0,0,NA,NA,NA,NA,0,0,0,0,0,0,0,NA,NA,NA,NA,NA,NA,NA,NA,NA,NA,NA,NA,NA,"E: Uncertainty",NA,NA,NA,NA,NA,NA,NA,NA,NA,NA,NA,NA,"E: Uncertainty",NA,NA,"E: Uncertainty","E: Uncertainty","E: Uncertainty","E: Uncertainty",NA,NA,NA,NA,NA,NA,NA
"2022-09-18 07:00:00","PM10",0,0,0,242.9987,664.4812,60.8775,87.7413,2.1464,0,NA,NA,88.4805,0,0,7.8898,29.1473,0,0,0.8345,0,19.4511,NA,0,0,0,NA,NA,0,NA,NA,NA,NA,0,0,0,0,0,0,6.1691,0,NA,NA,NA,NA,NA,NA,NA,NA,NA,"E: Uncertainty","E: Uncertainty",NA,NA,NA,NA,NA,NA,NA,NA,NA,NA,"E: Uncertainty",NA,NA,NA,"E: Uncertainty","E: Uncertainty",NA,"E: Uncertainty","E: Uncertainty","E: Uncertainty","E: Uncertainty",NA,NA,NA,NA,NA,NA,NA,NA
"2022-09-18 08:00:00","PM2.5",NA,NA,0,177.827,123.1144,51.1148,51.5925,2.7852,NA,0,NA,64.6743,0,0,1.347,22.0997,0,0,0.7697,NA,1.2561,NA,0,0,0,12.785,0,NA,0,0,0,NA,0,0,NA,0,0,0,2.0241,0,"E: Uncertainty","E: Uncertainty",NA,NA,NA,NA,NA,NA,"E: Uncertainty",NA,"E: Uncertainty",NA,NA,NA,NA,NA,NA,NA,NA,"E: Uncertainty",NA,"E: Uncertainty",NA,NA,NA,NA,NA,"E: Uncertainty",NA,NA,NA,"E: Uncertainty",NA,NA,"E: Uncertainty",NA,NA,NA,NA,NA
"2022-09-18 09:00:00","PM10",0,NA,0,215.5619,1057.3046,75.2274,188.7761,7.4181,0,NA,1.3823,141.2787,0,0,7.7205,6.9399,0,0,0.5277,0,2.1549,2.1237,0,0,0,21.8591,NA,NA,0,NA,NA,0,NA,0,0,0,0,0,1.89,0,NA,"E: Uncertainty",NA,NA,NA,NA,NA,NA,NA,"E: Uncertainty",NA,NA,NA,NA,NA,NA,NA,NA,NA,NA,NA,NA,NA,NA,NA,NA,"E: Uncertainty","E: Uncertainty",NA,"E: Uncertainty","E: Uncertainty",NA,"E: Uncertainty",NA,NA,NA,NA,NA,NA,NA
"2022-09-18 10:00:00","PM2.5",674.516,0,0,145.876,194.3087,15.6761,18.7449,NA,NA,0,0,32.1891,0,0,2.6421,3.6315,0,0,0.8473,0,1.0152,NA,0,0,0,12.9094,NA,NA,0,0,NA,NA,NA,0,0,0,0,0,0.7289,0,NA,NA,NA,NA,NA,NA,NA,"E: Uncertainty","E: Uncertainty",NA,NA,NA,NA,NA,NA,NA,NA,NA,NA,NA,NA,"E: Uncertainty",NA,NA,NA,NA,"E: Uncertainty","E: Uncertainty",NA,NA,"E: Uncertainty","E: Uncertainty","E: Uncertainty",NA,NA,NA,NA,NA,NA,NA
"2022-09-18 11:00:00","PM10",0,NA,0,160.1699,702.3884,48.1437,107.7483,3.3998,NA,NA,NA,99.9772,0,0,3.759,3.2084,0,0,0.7429,NA,1.2588,NA,0,0,0,NA,NA,NA,0,0,NA,0,NA,0,0,0,NA,0,0,0,NA,"E: Uncertainty",NA,NA,NA,NA,NA,NA,"E: Uncertainty","E: Uncertainty","E: Uncertainty",NA,NA,NA,NA,NA,NA,NA,NA,"E: Uncertainty",NA,"E: Uncertainty",NA,NA,NA,"E: Uncertainty","E: Uncertainty","E: Uncertainty",NA,NA,"E: Uncertainty",NA,"E: Uncertainty",NA,NA,NA,"E: Uncertainty",NA,NA,NA
"2022-09-18 12:00:00","PM2.5",NA,0,0,149.3206,101.1867,16.4538,18.1217,NA,NA,0,0,33.7311,0,0,1.7333,3.2605,0,0,NA,0,0.7807,NA,0,0,0,11.1907,NA,0,0,0,NA,NA,0,0,0,0,0,0,1.4783,0,"E: Uncertainty",NA,NA,NA,NA,NA,NA,"E: Uncertainty","E: Uncertainty",NA,NA,NA,NA,NA,NA,NA,NA,NA,"E: Uncertainty",NA,NA,"E: Uncertainty",NA,NA,NA,NA,"E: Uncertainty",NA,NA,NA,"E: Uncertainty","E: Uncertainty",NA,NA,NA,NA,NA,NA,NA,NA
"2022-09-18 13:00:00","PM10",NA,0,0,199.4908,651.3827,47.0722,113.4226,4.8,0.0036,NA,NA,111.8044,0,0,3.5116,3.4775,0,0,0,0,1.0862,NA,0,0,0,10.371,0,NA,0,0,NA,NA,NA,0,0,0,0,0,1.7342,0,"E: Uncertainty",NA,NA,NA,NA,NA,NA,NA,NA,"E: Uncertainty","E: Uncertainty",NA,NA,NA,NA,NA,NA,NA,NA,NA,NA,"E: Uncertainty",NA,NA,NA,NA,NA,"E: Uncertainty",NA,NA,"E: Uncertainty","E: Uncertainty","E: Uncertainty",NA,NA,NA,NA,NA,NA,NA
"2022-09-18 14:00:00","PM2.5",NA,0,0,211.6185,71.357,13.2384,18.5227,NA,NA,0,0,42.8261,NA,0,4.0997,4.3529,0,0,0.6752,0,1.0882,NA,0,0,0,NA,0,0,0,0,NA,0,NA,0,0,0,0,0,1.937,0,"E: Uncertainty",NA,NA,NA,NA,NA,NA,"E: Uncertainty","E: Uncertainty",NA,NA,NA,"E: Uncertainty",NA,NA,NA,NA,NA,NA,NA,NA,"E: Uncertainty",NA,NA,NA,"E: Uncertainty",NA,NA,NA,NA,"E: Uncertainty",NA,"E: Uncertainty",NA,NA,NA,NA,NA,NA,NA
"2022-09-18 15:00:00","PM10",NA,NA,0,271.3161,696.6313,52.395,122.3673,5.0896,0,NA,0.8246,153.161,0,NA,6.3848,4.6417,0,0,0.5373,NA,1.5609,NA,0,0,NA,16.6257,0,NA,0,0,NA,NA,NA,0,0,0,0,0,10.6008,0,"E: Uncertainty","E: Uncertainty",NA,NA,NA,NA,NA,NA,NA,"E: Uncertainty",NA,NA,NA,"E: Uncertainty",NA,NA,NA,NA,NA,"E: Uncertainty",NA,"E: Uncertainty",NA,NA,"E: Uncertainty",NA,NA,"E: Uncertainty",NA,NA,"E: Uncertainty","E: Uncertainty","E: Uncertainty",NA,NA,NA,NA,NA,NA,NA
"2022-09-18 16:00:00","PM2.5",NA,0,0,195.774,99.7608,20.6098,15.8968,NA,0,NA,0,32.067,0,0,2.2462,7.8404,0,0,0.9385,NA,0.9132,NA,0,0,0,NA,NA,0,0,0,NA,NA,NA,0,0,0,0,0,NA,0,"E: Uncertainty",NA,NA,NA,NA,NA,NA,"E: Uncertainty",NA,"E: Uncertainty",NA,NA,NA,NA,NA,NA,NA,NA,NA,"E: Uncertainty",NA,"E: Uncertainty",NA,NA,NA,"E: Uncertainty","E: Uncertainty",NA,NA,NA,"E: Uncertainty","E: Uncertainty","E: Uncertainty",NA,NA,NA,NA,NA,"E: Uncertainty",NA
"2022-09-18 17:00:00","PM10",NA,0,0,219.6412,558.9702,43.1097,94.9351,2.8449,0,NA,NA,100.9562,0.6819,0,6.179,5.4699,0,0,0,0,2.169,NA,0,0,0,NA,NA,NA,0,NA,0,0,0,0,0,0,0,0,3.1814,0,"E: Uncertainty",NA,NA,NA,NA,NA,NA,NA,NA,"E: Uncertainty","E: Uncertainty",NA,NA,NA,NA,NA,NA,NA,NA,NA,NA,"E: Uncertainty",NA,NA,NA,"E: Uncertainty","E: Uncertainty","E: Uncertainty",NA,"E: Uncertainty",NA,NA,NA,NA,NA,NA,NA,NA,NA,NA
"2022-09-18 18:00:00","PM2.5",685.9895,0,0,123.0918,90.1098,38.8858,16.5827,NA,0,0,0,51.4405,0,0,4.8036,5.08,0,0,0.5691,NA,1.3547,NA,0,0,0,11.5632,0,0,0,0,NA,NA,3.2013,0,0,0,0,0,NA,0,NA,NA,NA,NA,NA,NA,NA,"E: Uncertainty",NA,NA,NA,NA,NA,NA,NA,NA,NA,NA,NA,"E: Uncertainty",NA,"E: Uncertainty",NA,NA,NA,NA,NA,NA,NA,NA,"E: Uncertainty","E: Uncertainty",NA,NA,NA,NA,NA,NA,"E: Uncertainty",NA
"2022-09-18 19:00:00","PM10",NA,NA,0,215.313,602.5699,75.2119,88.3562,2.5668,0,0,NA,169.7528,NA,0,15.1817,10.8599,NA,0,2.2193,NA,4.2252,NA,0,0,0,9.4745,0,NA,0,NA,NA,NA,3.0895,0,0,0,0,0,13.4154,0,"E: Uncertainty","E: Uncertainty",NA,NA,NA,NA,NA,NA,NA,NA,"E: Uncertainty",NA,"E: Uncertainty",NA,NA,NA,"E: Uncertainty",NA,NA,"E: Uncertainty",NA,"E: Uncertainty",NA,NA,NA,NA,NA,"E: Uncertainty",NA,"E: Uncertainty","E: Uncertainty","E: Uncertainty",NA,NA,NA,NA,NA,NA,NA,NA
"2022-09-18 20:00:00","PM2.5",NA,0,0,152.5788,91.3924,66.5857,17.4926,NA,0,0,0,80.8497,0,0,5.8696,11.7696,0,0,1.2958,0,5.9794,NA,0,0,0,14.2879,NA,0,0,0.0362,0,NA,NA,0,0,0,0,0,5.8919,0,"E: Uncertainty",NA,NA,NA,NA,NA,NA,"E: Uncertainty",NA,NA,NA,NA,NA,NA,NA,NA,NA,NA,NA,NA,NA,"E: Uncertainty",NA,NA,NA,NA,"E: Uncertainty",NA,NA,NA,NA,"E: Uncertainty","E: Uncertainty",NA,NA,NA,NA,NA,NA,NA
"2022-09-18 21:00:00","PM10",NA,0,0,202.6578,654.1808,73.6383,85.8542,2.6309,0,NA,NA,145.0634,NA,0,5.6746,10.4488,0,0,1.0462,0,5.5181,NA,0,0,0,NA,0,NA,0,NA,NA,0,3.0386,0,0,0,0,0,4.2701,0,"E: Uncertainty",NA,NA,NA,NA,NA,NA,NA,NA,"E: Uncertainty","E: Uncertainty",NA,"E: Uncertainty",NA,NA,NA,NA,NA,NA,NA,NA,"E: Uncertainty",NA,NA,NA,"E: Uncertainty",NA,"E: Uncertainty",NA,"E: Uncertainty","E: Uncertainty",NA,NA,NA,NA,NA,NA,NA,NA,NA
"2022-09-18 22:00:00","PM2.5",680.978,0,0,150.9435,48.0483,34.7482,9.752,NA,0.0062,0,0,32.3321,0,0,1.8052,6.7707,0,0,1.5448,NA,1.1535,0,0,0,0,19.7313,0,0,0,NA,NA,0,0,0,0,0,0,0,0,0,NA,NA,NA,NA,NA,NA,NA,"E: Uncertainty",NA,NA,NA,NA,NA,NA,NA,NA,NA,NA,NA,"E: Uncertainty",NA,NA,NA,NA,NA,NA,NA,NA,NA,"E: Uncertainty","E: Uncertainty",NA,NA,NA,NA,NA,NA,NA,NA,NA
"2022-09-18 23:00:00","PM10",NA,0,0,308.0336,413.6749,64.9221,63.8008,1.8354,0,NA,0,131.5293,0,0,5.9368,10.4706,0,0,2.1514,NA,3.9102,NA,0,NA,0,34.6323,NA,0,0,NA,NA,NA,NA,0,0,0,NA,0,5.7971,0,"E: Uncertainty",NA,NA,NA,NA,NA,NA,NA,NA,"E: Uncertainty",NA,NA,NA,NA,NA,NA,NA,NA,NA,"E: Uncertainty",NA,"E: Uncertainty",NA,"E: Uncertainty",NA,NA,"E: Uncertainty",NA,NA,"E: Uncertainty","E: Uncertainty","E: Uncertainty","E: Uncertainty",NA,NA,NA,"E: Uncertainty",NA,NA,NA
"2022-09-19 00:30:00","PM2.5",NA,0,0,69.2138,0,19.2496,NA,0,NA,0.0124,0,54.999,0,0,1.4866,3.1356,0,0,0,0,1.165,NA,0,0,0,24.551,NA,NA,0,NA,NA,NA,0,0,0,0,0,0,NA,0,"E: Uncertainty",NA,NA,NA,NA,NA,"E: Uncertainty",NA,"E: Uncertainty",NA,NA,NA,NA,NA,NA,NA,NA,NA,NA,NA,NA,"E: Uncertainty",NA,NA,NA,NA,"E: Uncertainty","E: Uncertainty",NA,"E: Uncertainty","E: Uncertainty","E: Uncertainty",NA,NA,NA,NA,NA,NA,"E: Uncertainty",NA
"2022-09-19 01:00:00","PM10",NA,0,0,191.3461,0,19.8305,15.5812,1.3029,NA,0,NA,85.9491,NA,0,1.8449,3.3555,0,0,0.5635,NA,1.2388,NA,0,0,0,NA,NA,NA,0,NA,0,NA,NA,0,0,0,0,0,0,0,"E: Uncertainty",NA,NA,NA,NA,NA,NA,NA,"E: Uncertainty",NA,"E: Uncertainty",NA,"E: Uncertainty",NA,NA,NA,NA,NA,NA,"E: Uncertainty",NA,"E: Uncertainty",NA,NA,NA,"E: Uncertainty","E: Uncertainty","E: Uncertainty",NA,"E: Uncertainty",NA,"E: Uncertainty","E: Uncertainty",NA,NA,NA,NA,NA,NA,NA
"2022-09-19 02:00:00","PM2.5",NA,0,0.2755,181.5409,0,58.0393,6.1009,NA,0,0,1.4952,23.1554,0,0,0.5925,6.4183,0,0,0,NA,1.7015,NA,0,0,NA,10.3879,NA,NA,0,0,0,0,0,0,0,0,0,0,2.71,0,"E: Uncertainty",NA,NA,NA,NA,NA,NA,"E: Uncertainty",NA,NA,NA,NA,NA,NA,NA,NA,NA,NA,NA,"E: Uncertainty",NA,"E: Uncertainty",NA,NA,"E: Uncertainty",NA,"E: Uncertainty","E: Uncertainty",NA,NA,NA,NA,NA,NA,NA,NA,NA,NA,NA,NA
"2022-09-19 03:00:00","PM10",NA,0,0,251.6315,103.0274,81.5223,48.4781,1.0228,NA,0,NA,65.7372,NA,NA,1.3488,6.6737,0,0,1.1288,NA,1.6016,NA,0,0,0,12.5592,NA,NA,0,NA,NA,NA,NA,0,NA,0,0,0,1.891,0,"E: Uncertainty",NA,NA,NA,NA,NA,NA,NA,"E: Uncertainty",NA,"E: Uncertainty",NA,"E: Uncertainty","E: Uncertainty",NA,NA,NA,NA,NA,"E: Uncertainty",NA,"E: Uncertainty",NA,NA,NA,NA,"E: Uncertainty","E: Uncertainty",NA,"E: Uncertainty","E: Uncertainty","E: Uncertainty","E: Uncertainty",NA,"E: Uncertainty",NA,NA,NA,NA,NA
"2022-09-19 04:00:00","PM2.5",716.6627,0,0,148.9778,0,47.5907,7.1389,0,NA,NA,NA,22.4273,0,0,0.689,4.4931,0,0,0.5346,NA,0.83,NA,0,0,0,10.7781,0,NA,0,NA,NA,NA,0,0,NA,0,0,0,2.4524,0,NA,NA,NA,NA,NA,NA,NA,NA,"E: Uncertainty","E: Uncertainty","E: Uncertainty",NA,NA,NA,NA,NA,NA,NA,NA,"E: Uncertainty",NA,"E: Uncertainty",NA,NA,NA,NA,NA,"E: Uncertainty",NA,"E: Uncertainty","E: Uncertainty","E: Uncertainty",NA,NA,"E: Uncertainty",NA,NA,NA,NA,NA
"2022-09-19 05:00:00","PM10",NA,0,0,256.4712,54.9668,53.5422,161.3318,NA,0,NA,NA,96.6246,0,0,3.4554,5.0407,0,0,0.5965,NA,2.0647,NA,0,0,0,16.4817,NA,NA,0,NA,NA,NA,NA,0,0,0,0,0,2.5446,0,"E: Uncertainty",NA,NA,NA,NA,NA,NA,"E: Uncertainty",NA,"E: Uncertainty","E: Uncertainty",NA,NA,NA,NA,NA,NA,NA,NA,"E: Uncertainty",NA,"E: Uncertainty",NA,NA,NA,NA,"E: Uncertainty","E: Uncertainty",NA,"E: Uncertainty","E: Uncertainty","E: Uncertainty","E: Uncertainty",NA,NA,NA,NA,NA,NA,NA
"2022-09-19 06:00:00","PM2.5",NA,0,0,181.6299,0,34.8775,30.21,1.0678,0,0.0011,NA,44.9539,0,0,2.1493,4.467,0,0,0.6753,NA,1.6893,0,0,NA,0,21.0312,0,0,0,0,NA,0,0,0,0,0,0,0,1.6911,0,"E: Uncertainty",NA,NA,NA,NA,NA,NA,NA,NA,NA,"E: Uncertainty",NA,NA,NA,NA,NA,NA,NA,NA,"E: Uncertainty",NA,NA,NA,"E: Uncertainty",NA,NA,NA,NA,NA,NA,"E: Uncertainty",NA,NA,NA,NA,NA,NA,NA,NA,NA
"2022-09-19 07:00:00","PM10",0,0,0,304.1979,139.4169,61.7755,67.5198,3.811,NA,0,1.7921,167.8791,0,NA,8.9022,7.833,0,0,0.5456,NA,2.3707,NA,0,0,0,18.3661,0.0522,NA,0,0,NA,NA,NA,0,0,0,0,0,2.8491,0,NA,NA,NA,NA,NA,NA,NA,NA,"E: Uncertainty",NA,NA,NA,NA,"E: Uncertainty",NA,NA,NA,NA,NA,"E: Uncertainty",NA,"E: Uncertainty",NA,NA,NA,NA,NA,"E: Uncertainty",NA,NA,"E: Uncertainty","E: Uncertainty","E: Uncertainty",NA,NA,NA,NA,NA,NA,NA
"2022-09-19 08:00:00","PM2.5",NA,0,0,260.5832,0,35.6003,10.2899,1.6029,0,0,0,64.9848,NA,NA,4.1528,6.7851,0,0,0.9032,NA,1.04,0,0,0,NA,NA,0,NA,0,0,NA,NA,NA,0,0,0,0,0,2.0343,0,"E: Uncertainty",NA,NA,NA,NA,NA,NA,NA,NA,NA,NA,NA,"E: Uncertainty","E: Uncertainty",NA,NA,NA,NA,NA,"E: Uncertainty",NA,NA,NA,NA,"E: Uncertainty","E: Uncertainty",NA,"E: Uncertainty",NA,NA,"E: Uncertainty","E: Uncertainty","E: Uncertainty",NA,NA,NA,NA,NA,NA,NA
"2022-09-19 09:00:00","PM10",NA,0,0,351.2176,105.9671,45.171,64.1096,4.005,0,NA,0.9029,112.6303,0,NA,5.2723,6.6532,0,0,0.7293,NA,2.2782,NA,0,0,0,10.4899,NA,0,0,0,NA,0,NA,0,0,0,0,0,1.8602,0,"E: Uncertainty",NA,NA,NA,NA,NA,NA,NA,NA,"E: Uncertainty",NA,NA,NA,"E: Uncertainty",NA,NA,NA,NA,NA,"E: Uncertainty",NA,"E: Uncertainty",NA,NA,NA,NA,"E: Uncertainty",NA,NA,NA,"E: Uncertainty",NA,"E: Uncertainty",NA,NA,NA,NA,NA,NA,NA
"2022-09-19 10:00:00","PM2.5",NA,0,0,194.1153,0,33.6456,11.7289,NA,0,NA,0,35.4847,0,0,2.3035,8.4414,0,0,2.0854,0,1.0042,NA,0,0,0,NA,NA,NA,0,0,0,NA,0,0.0299,0,0,0,0,4.1311,0,"E: Uncertainty",NA,NA,NA,NA,NA,NA,"E: Uncertainty",NA,"E: Uncertainty",NA,NA,NA,NA,NA,NA,NA,NA,NA,NA,NA,"E: Uncertainty",NA,NA,NA,"E: Uncertainty","E: Uncertainty","E: Uncertainty",NA,NA,NA,"E: Uncertainty",NA,NA,NA,NA,NA,NA,NA,NA
"2022-09-19 11:00:00","PM10",NA,0,NA,136.9723,31.2092,39.5167,27.524,1.1631,0,NA,0,68.2406,0,NA,6.3818,5.7446,0,0,1.2414,0,1.0549,0,0,0,0,16.4833,NA,0,0,NA,NA,NA,NA,0,0,0,NA,0,7.3784,0,"E: Uncertainty",NA,"E: Uncertainty",NA,NA,NA,NA,NA,NA,"E: Uncertainty",NA,NA,NA,"E: Uncertainty",NA,NA,NA,NA,NA,NA,NA,NA,NA,NA,NA,NA,"E: Uncertainty",NA,NA,"E: Uncertainty","E: Uncertainty","E: Uncertainty","E: Uncertainty",NA,NA,NA,"E: Uncertainty",NA,NA,NA
"2022-09-19 12:00:00","PM2.5",NA,0,0,108.6453,0,13.5764,4.8067,NA,NA,0,0,24.1511,0,0,2.2222,4.438,0,0,1.6566,0,0.6517,NA,0,0,0,NA,NA,NA,0,NA,NA,NA,0,0,0,0,0,0,12.0212,0,"E: Uncertainty",NA,NA,NA,NA,NA,NA,"E: Uncertainty","E: Uncertainty",NA,NA,NA,NA,NA,NA,NA,NA,NA,NA,NA,NA,"E: Uncertainty",NA,NA,NA,"E: Uncertainty","E: Uncertainty","E: Uncertainty",NA,"E: Uncertainty","E: Uncertainty","E: Uncertainty",NA,NA,NA,NA,NA,NA,NA,NA
"2022-09-19 13:00:00","PM10",0,NA,0,199.5097,29.1892,42.9314,81.6914,2.2893,0,NA,NA,83.5416,0,0,3.0987,7.8686,0,0,2.5873,NA,2.7411,0,0,0,0,12.585,0,0,0,0,NA,NA,0,0,0,0,0,0,5.1605,0,NA,"E: Uncertainty",NA,NA,NA,NA,NA,NA,NA,"E: Uncertainty","E: Uncertainty",NA,NA,NA,NA,NA,NA,NA,NA,"E: Uncertainty",NA,NA,NA,NA,NA,NA,NA,NA,NA,NA,"E: Uncertainty","E: Uncertainty",NA,NA,NA,NA,NA,NA,NA,NA
"2022-09-19 14:00:00","PM2.5",NA,0,0,130.7829,0,24.3533,6.4693,1.0254,0,NA,0,31.7396,0,NA,1.9201,7.0114,0,0,0,0,1.8762,0,0,0,0,12.0584,0,NA,0,0,NA,NA,NA,0,0,0,0,0,7.7911,0,"E: Uncertainty",NA,NA,NA,NA,NA,NA,NA,NA,"E: Uncertainty",NA,NA,NA,"E: Uncertainty",NA,NA,NA,NA,NA,NA,NA,NA,NA,NA,NA,NA,NA,"E: Uncertainty",NA,NA,"E: Uncertainty","E: Uncertainty","E: Uncertainty",NA,NA,NA,NA,NA,NA,NA
"2022-09-19 15:00:00","PM10",NA,0,0,263.6991,24.4557,46.2771,63.1727,3.3401,0,0,NA,160.853,NA,0,6.8504,10.2786,0,0,NA,0,4.0003,NA,0,0,0,NA,NA,NA,0,0,NA,NA,NA,0,0,0,0,0,13.9292,0,"E: Uncertainty",NA,NA,NA,NA,NA,NA,NA,NA,NA,"E: Uncertainty",NA,"E: Uncertainty",NA,NA,NA,NA,NA,"E: Uncertainty",NA,NA,"E: Uncertainty",NA,NA,NA,"E: Uncertainty","E: Uncertainty","E: Uncertainty",NA,NA,"E: Uncertainty","E: Uncertainty","E: Uncertainty",NA,NA,NA,NA,NA,NA,NA
"2022-09-19 16:00:00","PM2.5",NA,0,0,305.9203,0,56.8604,9.2388,NA,0,0,NA,59.9989,NA,0,3.7948,8.6362,0,0,0.4691,NA,3.2442,NA,0,0,0,18.2319,NA,NA,0,0,NA,NA,0,NA,0,0,0,0,9.5247,0,"E: Uncertainty",NA,NA,NA,NA,NA,NA,"E: Uncertainty",NA,NA,"E: Uncertainty",NA,"E: Uncertainty",NA,NA,NA,NA,NA,NA,"E: Uncertainty",NA,"E: Uncertainty",NA,NA,NA,NA,"E: Uncertainty","E: Uncertainty",NA,NA,"E: Uncertainty","E: Uncertainty",NA,"E: Uncertainty",NA,NA,NA,NA,NA,NA
"2022-09-19 17:00:00","PM10",NA,0,0,319.184,16.0161,299.7894,55.8355,4.3017,NA,NA,1.1379,206.6865,0,0,9.0798,30.4523,0,0,1.4551,NA,2.7816,NA,0,0,0,NA,0,NA,0,0,NA,NA,NA,0,0,0,0,0,14.911,0,"E: Uncertainty",NA,NA,NA,NA,NA,NA,NA,"E: Uncertainty","E: Uncertainty",NA,NA,NA,NA,NA,NA,NA,NA,NA,"E: Uncertainty",NA,"E: Uncertainty",NA,NA,NA,"E: Uncertainty",NA,"E: Uncertainty",NA,NA,"E: Uncertainty","E: Uncertainty","E: Uncertainty",NA,NA,NA,NA,NA,NA,NA
"2022-09-19 18:00:00","PM2.5",NA,0,NA,169.2778,0,61.071,10.3469,1.1529,NA,NA,0,110.746,0,0,5.2862,10.2409,0,0,0.5049,0,4.7505,NA,0,0,0,9.5372,0,NA,0,NA,0,NA,NA,0,0,0,0,0,7.9502,0,"E: Uncertainty",NA,"E: Uncertainty",NA,NA,NA,NA,NA,"E: Uncertainty","E: Uncertainty",NA,NA,NA,NA,NA,NA,NA,NA,NA,NA,NA,"E: Uncertainty",NA,NA,NA,NA,NA,"E: Uncertainty",NA,"E: Uncertainty",NA,"E: Uncertainty","E: Uncertainty",NA,NA,NA,NA,NA,NA,NA
"2022-09-19 19:00:00","PM10",NA,NA,0,472.4968,0,91.5467,86.4709,4.0313,NA,NA,2.1214,439.3012,0,0,17.1162,26.3397,0,0,1.1502,0.5087,8.4139,NA,0,0,0,11.8541,NA,NA,NA,NA,NA,0,8.1826,0,0,0,0,0,11.2681,0,"E: Uncertainty","E: Uncertainty",NA,NA,NA,NA,NA,NA,"E: Uncertainty","E: Uncertainty",NA,NA,NA,NA,NA,NA,NA,NA,NA,NA,NA,"E: Uncertainty",NA,NA,NA,NA,"E: Uncertainty","E: Uncertainty","E: Uncertainty","E: Uncertainty","E: Uncertainty",NA,NA,NA,NA,NA,NA,NA,NA,NA
"2022-09-19 20:00:00","PM2.5",645.3944,0,0,416.0813,0,87.6216,16.9712,2.8378,NA,NA,NA,203.8853,0,NA,14.0192,23.9418,0,0,1.5805,0.4434,9.0844,NA,0,NA,0,NA,0,NA,0,NA,NA,NA,5.8858,0,0,0,0,0,8.7614,0,NA,NA,NA,NA,NA,NA,NA,NA,"E: Uncertainty","E: Uncertainty","E: Uncertainty",NA,NA,"E: Uncertainty",NA,NA,NA,NA,NA,NA,NA,"E: Uncertainty",NA,"E: Uncertainty",NA,"E: Uncertainty",NA,"E: Uncertainty",NA,"E: Uncertainty","E: Uncertainty","E: Uncertainty",NA,NA,NA,NA,NA,NA,NA,NA
"2022-09-19 21:00:00","PM10",641.5226,0,0,476.7292,0,113.7137,74.1756,4.8261,NA,NA,2.4774,440.0356,0,NA,26.1055,19.9023,0,0,1.4249,0.8033,4.1295,NA,0,NA,0,10.0188,NA,NA,0,NA,NA,NA,9.8895,0,0,0,0,0,6.6747,0,NA,NA,NA,NA,NA,NA,NA,NA,"E: Uncertainty","E: Uncertainty",NA,NA,NA,"E: Uncertainty",NA,NA,NA,NA,NA,NA,NA,"E: Uncertainty",NA,"E: Uncertainty",NA,NA,"E: Uncertainty","E: Uncertainty",NA,"E: Uncertainty","E: Uncertainty","E: Uncertainty",NA,NA,NA,NA,NA,NA,NA,NA
"2022-09-19 22:00:00","PM2.5",632.9746,0,0,459.7978,0,96.8276,17.2975,3.5945,NA,NA,1.8436,328.8836,0,NA,29.5231,18.929,0,0,1.2993,0.7434,4.8943,NA,0,0,0,13.3669,NA,NA,0,0,NA,NA,11.5498,0,0,0,0,0,7.1151,0,NA,NA,NA,NA,NA,NA,NA,NA,"E: Uncertainty","E: Uncertainty",NA,NA,NA,"E: Uncertainty",NA,NA,NA,NA,NA,NA,NA,"E: Uncertainty",NA,NA,NA,NA,"E: Uncertainty","E: Uncertainty",NA,NA,"E: Uncertainty","E: Uncertainty",NA,NA,NA,NA,NA,NA,NA,NA
"2022-09-19 23:00:00","PM10",964.004,0,NA,559.733,0,113.8992,77.1205,29.0472,NA,NA,3.0798,432.1477,0,0,13.5154,23.3099,0,0,3.0518,NA,6.4102,NA,NA,NA,0,13.224,0,0,0,NA,NA,0,4.6723,0,0,0,0,0,8.8053,0,NA,NA,"E: Uncertainty",NA,NA,NA,NA,NA,"E: Uncertainty","E: Uncertainty",NA,NA,NA,NA,NA,NA,NA,NA,NA,"E: Uncertainty",NA,"E: Uncertainty","E: Uncertainty","E: Uncertainty",NA,NA,NA,NA,NA,"E: Uncertainty","E: Uncertainty",NA,NA,NA,NA,NA,NA,NA,NA,NA
"2022-09-20 00:30:00","PM2.5",NA,0,NA,375.3634,0,96.9854,11.7985,3.1447,0,NA,0,87.4311,0,0,4.1902,14.5724,0,0,1.8848,1.8224,3.7408,NA,0,0,0,NA,0,NA,0,NA,NA,0,0,0,0,0,0,0,11.1621,0,"E: Uncertainty",NA,"E: Uncertainty",NA,NA,NA,NA,NA,NA,"E: Uncertainty",NA,NA,NA,NA,NA,NA,NA,NA,NA,NA,NA,"E: Uncertainty",NA,NA,NA,"E: Uncertainty",NA,"E: Uncertainty",NA,"E: Uncertainty","E: Uncertainty",NA,NA,NA,NA,NA,NA,NA,NA,NA
"2022-09-20 01:00:00","PM10",NA,0,NA,346.4904,0,87.453,41.0922,2.5885,NA,NA,NA,162.4062,0,NA,18.3499,14.6503,0,0,1.9649,2.8588,4.1161,NA,0,0,0,12.7233,NA,NA,0,NA,0,NA,NA,0,0,0,0,0,19.6954,0,"E: Uncertainty",NA,"E: Uncertainty",NA,NA,NA,NA,NA,"E: Uncertainty","E: Uncertainty","E: Uncertainty",NA,NA,"E: Uncertainty",NA,NA,NA,NA,NA,NA,NA,"E: Uncertainty",NA,NA,NA,NA,"E: Uncertainty","E: Uncertainty",NA,"E: Uncertainty",NA,"E: Uncertainty","E: Uncertainty",NA,NA,NA,NA,NA,NA,NA
"2022-09-20 02:00:00","PM2.5",830.9379,0,93.503,250.8303,0,52.1682,10.4864,NA,NA,0,0,67.2935,0,0,40.2883,19.7029,0,0,4.0006,1.7986,3.7862,NA,0,0,0,0,NA,0,0,NA,0,NA,NA,0,NA,0,0,0,38.2915,0,NA,NA,NA,NA,NA,NA,NA,"E: Uncertainty","E: Uncertainty",NA,NA,NA,NA,NA,NA,NA,NA,NA,NA,NA,NA,"E: Uncertainty",NA,NA,NA,NA,"E: Uncertainty",NA,NA,"E: Uncertainty",NA,"E: Uncertainty","E: Uncertainty",NA,"E: Uncertainty",NA,NA,NA,NA,NA
"2022-09-20 03:00:00","PM10",NA,0,112.4202,320.4513,0,64.5513,32.7686,1.6516,NA,NA,NA,104.5586,0,NA,36.7401,25.3014,0,0,3.6964,2.0463,5.2992,NA,0,0,0,10.6848,NA,0,0,NA,NA,NA,NA,0,0,0,0,0,48.9284,0,"E: Uncertainty",NA,NA,NA,NA,NA,NA,NA,"E: Uncertainty","E: Uncertainty","E: Uncertainty",NA,NA,"E: Uncertainty",NA,NA,NA,NA,NA,NA,NA,"E: Uncertainty",NA,NA,NA,NA,"E: Uncertainty",NA,NA,"E: Uncertainty","E: Uncertainty","E: Uncertainty","E: Uncertainty",NA,NA,NA,NA,NA,NA,NA
"2022-09-20 04:00:00","PM2.5",NA,NA,NA,NA,NA,NA,NA,NA,NA,NA,NA,NA,NA,NA,NA,NA,NA,NA,NA,NA,NA,NA,NA,NA,NA,NA,NA,NA,NA,NA,NA,NA,NA,NA,NA,NA,NA,NA,NA,NA,"E: Uncertainty","E: Erroneous Data","E: Uncertainty","E: Erroneous Data","E: Erroneous Data","E: Erroneous Data","E: Erroneous Data","E: Erroneous Data","E: Erroneous Data","E: Uncertainty","E: Erroneous Data","E: Erroneous Data","E: Erroneous Data","E: Uncertainty","E: Erroneous Data","E: Erroneous Data","E: Erroneous Data","E: Erroneous Data","E: Erroneous Data","E: Erroneous Data","E: Erroneous Data","E: Erroneous Data","E: Erroneous Data","E: Erroneous Data","E: Erroneous Data","E: Uncertainty","E: Erroneous Data","E: Uncertainty","E: Erroneous Data","E: Erroneous Data","E: Uncertainty","E: Uncertainty","E: Uncertainty","E: Erroneous Data","E: Erroneous Data","E: Erroneous Data","E: Erroneous Data","E: Erroneous Data","E: Erroneous Data","E: Erroneous Data"
"2022-09-20 05:00:00","PM10",NA,NA,NA,NA,NA,NA,NA,NA,NA,NA,NA,NA,NA,NA,NA,NA,NA,NA,NA,NA,NA,NA,NA,NA,NA,NA,NA,NA,NA,NA,NA,NA,NA,NA,NA,NA,NA,NA,NA,NA,"E: Erroneous Data","E: Uncertainty","E: Erroneous Data","E: Erroneous Data","E: Erroneous Data","E: Erroneous Data","E: Erroneous Data","E: Erroneous Data","E: Uncertainty","E: Uncertainty","E: Erroneous Data","E: Erroneous Data","E: Erroneous Data","E: Uncertainty","E: Erroneous Data","E: Erroneous Data","E: Erroneous Data","E: Erroneous Data","E: Erroneous Data","E: Erroneous Data","E: Erroneous Data","E: Uncertainty","E: Erroneous Data","E: Erroneous Data","E: Erroneous Data","E: Uncertainty","E: Uncertainty","E: Erroneous Data","E: Erroneous Data","E: Erroneous Data","E: Erroneous Data","E: Uncertainty","E: Erroneous Data","E: Erroneous Data","E: Erroneous Data","E: Erroneous Data","E: Erroneous Data","E: Erroneous Data","E: Erroneous Data","E: Erroneous Data"
"2022-09-20 06:00:00","PM2.5",NA,NA,NA,NA,NA,NA,NA,NA,NA,NA,NA,NA,NA,NA,NA,NA,NA,NA,NA,NA,NA,NA,NA,NA,NA,NA,NA,NA,NA,NA,NA,NA,NA,NA,NA,NA,NA,NA,NA,NA,"E: Erroneous Data","E: Erroneous Data","E: Erroneous Data","E: Erroneous Data","E: Erroneous Data","E: Erroneous Data","E: Erroneous Data","E: Erroneous Data","E: Erroneous Data","E: Erroneous Data","E: Uncertainty","E: Erroneous Data","E: Erroneous Data","E: Erroneous Data","E: Erroneous Data","E: Erroneous Data","E: Erroneous Data","E: Erroneous Data","E: Erroneous Data","E: Erroneous Data","E: Erroneous Data","E: Uncertainty","E: Erroneous Data","E: Uncertainty","E: Erroneous Data","E: Erroneous Data","E: Uncertainty","E: Erroneous Data","E: Erroneous Data","E: Uncertainty","E: Uncertainty","E: Uncertainty","E: Erroneous Data","E: Erroneous Data","E: Erroneous Data","E: Erroneous Data","E: Erroneous Data","E: Erroneous Data","E: Erroneous Data","E: Erroneous Data"
"2022-09-20 07:00:00","PM10",NA,NA,0,331.6463,NA,65.1534,268.1199,11.0346,0.0117,2.3759,3.8899,670.279,NA,NA,21.3368,35.4725,0,0,1.4745,NA,2.02,NA,0,NA,0,11.747,0,NA,0,NA,NA,NA,9.6609,0,0,0,0,0,7.3414,0,"E: Uncertainty","E: Uncertainty",NA,NA,"E: Uncertainty",NA,NA,NA,NA,NA,NA,NA,"E: Uncertainty","E: Uncertainty",NA,NA,NA,NA,NA,"E: Uncertainty",NA,"E: Uncertainty",NA,"E: Uncertainty",NA,NA,NA,"E: Uncertainty",NA,"E: Uncertainty","E: Uncertainty","E: Uncertainty",NA,NA,NA,NA,NA,NA,NA,NA
"2022-09-20 08:00:00","PM2.5",NA,NA,NA,NA,NA,NA,NA,NA,NA,NA,NA,NA,NA,NA,NA,NA,NA,NA,NA,NA,NA,NA,NA,NA,NA,NA,NA,NA,NA,NA,NA,NA,NA,NA,NA,NA,NA,NA,NA,NA,"E: Uncertainty","E: Erroneous Data","E: Erroneous Data","E: Erroneous Data","E: Erroneous Data","E: Erroneous Data","E: Erroneous Data","E: Erroneous Data","E: Erroneous Data","E: Uncertainty","E: Uncertainty","E: Erroneous Data","E: Uncertainty","E: Erroneous Data","E: Erroneous Data","E: Erroneous Data","E: Erroneous Data","E: Erroneous Data","E: Erroneous Data","E: Erroneous Data","E: Erroneous Data","E: Uncertainty","E: Erroneous Data","E: Erroneous Data","E: Erroneous Data","E: Erroneous Data","E: Uncertainty","E: Erroneous Data","E: Erroneous Data","E: Erroneous Data","E: Uncertainty","E: Uncertainty","E: Uncertainty","E: Erroneous Data","E: Uncertainty","E: Erroneous Data","E: Erroneous Data","E: Erroneous Data","E: Erroneous Data","E: Erroneous Data"
"2022-09-20 09:00:00","PM10",NA,NA,NA,NA,NA,NA,NA,NA,NA,NA,NA,NA,NA,NA,NA,NA,NA,NA,NA,NA,NA,NA,NA,NA,NA,NA,NA,NA,NA,NA,NA,NA,NA,NA,NA,NA,NA,NA,NA,NA,"E: Erroneous Data","E: Uncertainty","E: Erroneous Data","E: Erroneous Data","E: Erroneous Data","E: Erroneous Data","E: Erroneous Data","E: Erroneous Data","E: Uncertainty","E: Erroneous Data","E: Erroneous Data","E: Erroneous Data","E: Erroneous Data","E: Erroneous Data","E: Erroneous Data","E: Erroneous Data","E: Erroneous Data","E: Erroneous Data","E: Erroneous Data","E: Uncertainty","E: Erroneous Data","E: Uncertainty","E: Erroneous Data","E: Uncertainty","E: Erroneous Data","E: Erroneous Data","E: Erroneous Data","E: Erroneous Data","E: Erroneous Data","E: Erroneous Data","E: Uncertainty","E: Uncertainty","E: Erroneous Data","E: Erroneous Data","E: Erroneous Data","E: Erroneous Data","E: Erroneous Data","E: Erroneous Data","E: Erroneous Data","E: Erroneous Data"
"2022-09-20 10:00:00","PM2.5",NA,NA,NA,NA,NA,NA,NA,NA,NA,NA,NA,NA,NA,NA,NA,NA,NA,NA,NA,NA,NA,NA,NA,NA,NA,NA,NA,NA,NA,NA,NA,NA,NA,NA,NA,NA,NA,NA,NA,NA,"E: Uncertainty","E: Erroneous Data","E: Erroneous Data","E: Erroneous Data","E: Erroneous Data","E: Erroneous Data","E: Erroneous Data","E: Erroneous Data","E: Erroneous Data","E: Erroneous Data","E: Uncertainty","E: Erroneous Data","E: Erroneous Data","E: Uncertainty","E: Erroneous Data","E: Erroneous Data","E: Erroneous Data","E: Erroneous Data","E: Erroneous Data","E: Erroneous Data","E: Erroneous Data","E: Uncertainty","E: Erroneous Data","E: Erroneous Data","E: Erroneous Data","E: Erroneous Data","E: Erroneous Data","E: Uncertainty","E: Erroneous Data","E: Erroneous Data","E: Uncertainty","E: Erroneous Data","E: Uncertainty","E: Erroneous Data","E: Erroneous Data","E: Erroneous Data","E: Erroneous Data","E: Erroneous Data","E: Erroneous Data","E: Erroneous Data"
"2022-09-20 11:00:00","PM10",NA,NA,0,238.3804,15.3012,88.5695,211.0782,11.1009,0,NA,4.0712,288.868,0,0,7.9223,36.4763,0,0,1.2319,0,3.5305,NA,0,0,0,NA,NA,NA,0,0,0,0,NA,0,NA,0,0,0,0.7779,0,"E: Uncertainty","E: Uncertainty",NA,NA,NA,NA,NA,NA,NA,"E: Uncertainty",NA,NA,NA,NA,NA,NA,NA,NA,NA,NA,NA,"E: Uncertainty",NA,NA,NA,"E: Uncertainty","E: Uncertainty","E: Uncertainty",NA,NA,NA,NA,"E: Uncertainty",NA,"E: Uncertainty",NA,NA,NA,NA,NA
"2022-09-20 12:00:00","PM2.5",NA,NA,NA,NA,NA,NA,NA,NA,NA,NA,NA,NA,NA,NA,NA,NA,NA,NA,NA,NA,NA,NA,NA,NA,NA,NA,NA,NA,NA,NA,NA,NA,NA,NA,NA,NA,NA,NA,NA,NA,"E: Uncertainty","E: Erroneous Data","E: Erroneous Data","E: Erroneous Data","E: Erroneous Data","E: Erroneous Data","E: Erroneous Data","E: Erroneous Data","E: Erroneous Data","E: Erroneous Data","E: Erroneous Data","E: Erroneous Data","E: Uncertainty","E: Uncertainty","E: Erroneous Data","E: Erroneous Data","E: Erroneous Data","E: Erroneous Data","E: Erroneous Data","E: Erroneous Data","E: Erroneous Data","E: Erroneous Data","E: Erroneous Data","E: Erroneous Data","E: Uncertainty","E: Erroneous Data","E: Uncertainty","E: Erroneous Data","E: Erroneous Data","E: Erroneous Data","E: Uncertainty","E: Uncertainty","E: Uncertainty","E: Erroneous Data","E: Erroneous Data","E: Erroneous Data","E: Erroneous Data","E: Erroneous Data","E: Erroneous Data","E: Erroneous Data"
"2022-09-20 13:00:00","PM10",NA,NA,NA,NA,NA,NA,NA,NA,NA,NA,NA,NA,NA,NA,NA,NA,NA,NA,NA,NA,NA,NA,NA,NA,NA,NA,NA,NA,NA,NA,NA,NA,NA,NA,NA,NA,NA,NA,NA,NA,"E: Erroneous Data","E: Uncertainty","E: Erroneous Data","E: Erroneous Data","E: Erroneous Data","E: Erroneous Data","E: Erroneous Data","E: Erroneous Data","E: Erroneous Data","E: Uncertainty","E: Erroneous Data","E: Erroneous Data","E: Erroneous Data","E: Erroneous Data","E: Erroneous Data","E: Erroneous Data","E: Erroneous Data","E: Erroneous Data","E: Erroneous Data","E: Uncertainty","E: Erroneous Data","E: Uncertainty","E: Erroneous Data","E: Erroneous Data","E: Uncertainty","E: Erroneous Data","E: Uncertainty","E: Erroneous Data","E: Erroneous Data","E: Erroneous Data","E: Uncertainty","E: Uncertainty","E: Uncertainty","E: Erroneous Data","E: Erroneous Data","E: Erroneous Data","E: Uncertainty","E: Erroneous Data","E: Uncertainty","E: Erroneous Data"
"2022-09-20 14:00:00","PM2.5",NA,NA,NA,NA,NA,NA,NA,NA,NA,NA,NA,NA,NA,NA,NA,NA,NA,NA,NA,NA,NA,NA,NA,NA,NA,NA,NA,NA,NA,NA,NA,NA,NA,NA,NA,NA,NA,NA,NA,NA,"E: Erroneous Data","E: Erroneous Data","E: Erroneous Data","E: Erroneous Data","E: Erroneous Data","E: Erroneous Data","E: Erroneous Data","E: Uncertainty","E: Erroneous Data","E: Erroneous Data","E: Erroneous Data","E: Erroneous Data","E: Uncertainty","E: Uncertainty","E: Erroneous Data","E: Erroneous Data","E: Erroneous Data","E: Erroneous Data","E: Uncertainty","E: Erroneous Data","E: Erroneous Data","E: Uncertainty","E: Erroneous Data","E: Erroneous Data","E: Erroneous Data","E: Erroneous Data","E: Uncertainty","E: Uncertainty","E: Erroneous Data","E: Uncertainty","E: Uncertainty","E: Uncertainty","E: Uncertainty","E: Erroneous Data","E: Erroneous Data","E: Erroneous Data","E: Erroneous Data","E: Erroneous Data","E: Erroneous Data","E: Erroneous Data"
"2022-09-20 15:00:00","PM10",NA,273.0789,0,176.8331,0,88.7719,161.3624,7.4418,0,NA,1.2665,212.8175,0,0,8.0508,6.6213,0,0,0.7027,0,2.2511,NA,0,0,0,NA,0,NA,0,0,NA,NA,NA,0,0,0,0,0,NA,0,"E: Uncertainty",NA,NA,NA,NA,NA,NA,NA,NA,"E: Uncertainty",NA,NA,NA,NA,NA,NA,NA,NA,NA,NA,NA,"E: Uncertainty",NA,NA,NA,"E: Uncertainty",NA,"E: Uncertainty",NA,NA,"E: Uncertainty","E: Uncertainty","E: Uncertainty",NA,NA,NA,NA,NA,"E: Uncertainty",NA
"2022-09-20 16:00:00","PM2.5",NA,NA,NA,NA,NA,NA,NA,NA,NA,NA,NA,NA,NA,NA,NA,NA,NA,NA,NA,NA,NA,NA,NA,NA,NA,NA,NA,NA,NA,NA,NA,NA,NA,NA,NA,NA,NA,NA,NA,NA,"E: Uncertainty","E: Erroneous Data","E: Erroneous Data","E: Erroneous Data","E: Erroneous Data","E: Erroneous Data","E: Erroneous Data","E: Erroneous Data","E: Erroneous Data","E: Uncertainty","E: Erroneous Data","E: Erroneous Data","E: Erroneous Data","E: Erroneous Data","E: Erroneous Data","E: Erroneous Data","E: Erroneous Data","E: Erroneous Data","E: Erroneous Data","E: Uncertainty","E: Erroneous Data","E: Uncertainty","E: Erroneous Data","E: Erroneous Data","E: Erroneous Data","E: Erroneous Data","E: Uncertainty","E: Erroneous Data","E: Erroneous Data","E: Erroneous Data","E: Erroneous Data","E: Uncertainty","E: Uncertainty","E: Erroneous Data","E: Uncertainty","E: Erroneous Data","E: Erroneous Data","E: Erroneous Data","E: Uncertainty","E: Erroneous Data"
"2022-09-20 17:00:00","PM10",NA,NA,NA,NA,NA,NA,NA,NA,NA,NA,NA,NA,NA,NA,NA,NA,NA,NA,NA,NA,NA,NA,NA,NA,NA,NA,NA,NA,NA,NA,NA,NA,NA,NA,NA,NA,NA,NA,NA,NA,"E: Erroneous Data","E: Uncertainty","E: Erroneous Data","E: Erroneous Data","E: Erroneous Data","E: Erroneous Data","E: Erroneous Data","E: Erroneous Data","E: Uncertainty","E: Uncertainty","E: Erroneous Data","E: Erroneous Data","E: Erroneous Data","E: Uncertainty","E: Erroneous Data","E: Erroneous Data","E: Erroneous Data","E: Erroneous Data","E: Erroneous Data","E: Erroneous Data","E: Erroneous Data","E: Uncertainty","E: Erroneous Data","E: Erroneous Data","E: Uncertainty","E: Uncertainty","E: Uncertainty","E: Uncertainty","E: Erroneous Data","E: Erroneous Data","E: Erroneous Data","E: Erroneous Data","E: Erroneous Data","E: Erroneous Data","E: Erroneous Data","E: Erroneous Data","E: Erroneous Data","E: Erroneous Data","E: Uncertainty","E: Erroneous Data"
"2022-09-20 18:00:00","PM2.5",NA,NA,NA,NA,NA,NA,NA,NA,NA,NA,NA,NA,NA,NA,NA,NA,NA,NA,NA,NA,NA,NA,NA,NA,NA,NA,NA,NA,NA,NA,NA,NA,NA,NA,NA,NA,NA,NA,NA,NA,"E: Erroneous Data","E: Erroneous Data","E: Erroneous Data","E: Erroneous Data","E: Erroneous Data","E: Erroneous Data","E: Erroneous Data","E: Erroneous Data","E: Erroneous Data","E: Uncertainty","E: Erroneous Data","E: Erroneous Data","E: Erroneous Data","E: Erroneous Data","E: Erroneous Data","E: Erroneous Data","E: Erroneous Data","E: Erroneous Data","E: Erroneous Data","E: Uncertainty","E: Erroneous Data","E: Uncertainty","E: Uncertainty","E: Erroneous Data","E: Erroneous Data","E: Erroneous Data","E: Uncertainty","E: Erroneous Data","E: Erroneous Data","E: Uncertainty","E: Uncertainty","E: Uncertainty","E: Erroneous Data","E: Erroneous Data","E: Erroneous Data","E: Erroneous Data","E: Erroneous Data","E: Erroneous Data","E: Erroneous Data","E: Erroneous Data"
"2022-09-20 19:00:00","PM10",NA,NA,NA,NA,NA,NA,NA,NA,NA,NA,NA,NA,NA,NA,NA,NA,NA,NA,NA,NA,NA,NA,NA,NA,NA,NA,NA,NA,NA,NA,NA,NA,NA,NA,NA,NA,NA,NA,NA,NA,"E: Erroneous Data","E: Erroneous Data","E: Erroneous Data","E: Erroneous Data","E: Erroneous Data","E: Erroneous Data","E: Erroneous Data","E: Erroneous Data","E: Erroneous Data","E: Erroneous Data","E: Erroneous Data","E: Erroneous Data","E: Erroneous Data","E: Erroneous Data","E: Erroneous Data","E: Erroneous Data","E: Erroneous Data","E: Erroneous Data","E: Erroneous Data","E: Erroneous Data","E: Erroneous Data","E: Erroneous Data","E: Erroneous Data","E: Uncertainty","E: Uncertainty","E: Erroneous Data","E: Erroneous Data","E: Erroneous Data","E: Erroneous Data","E: Uncertainty","E: Uncertainty","E: Uncertainty","E: Erroneous Data","E: Erroneous Data","E: Erroneous Data","E: Erroneous Data","E: Erroneous Data","E: Erroneous Data","E: Erroneous Data","E: Uncertainty"
"2022-09-20 20:00:00","PM2.5",NA,NA,NA,NA,NA,NA,NA,NA,NA,NA,NA,NA,NA,NA,NA,NA,NA,NA,NA,NA,NA,NA,NA,NA,NA,NA,NA,NA,NA,NA,NA,NA,NA,NA,NA,NA,NA,NA,NA,NA,"E: Uncertainty","E: Erroneous Data","E: Erroneous Data","E: Erroneous Data","E: Erroneous Data","E: Erroneous Data","E: Erroneous Data","E: Erroneous Data","E: Erroneous Data","E: Uncertainty","E: Erroneous Data","E: Erroneous Data","E: Erroneous Data","E: Uncertainty","E: Erroneous Data","E: Erroneous Data","E: Erroneous Data","E: Erroneous Data","E: Erroneous Data","E: Uncertainty","E: Erroneous Data","E: Uncertainty","E: Erroneous Data","E: Erroneous Data","E: Erroneous Data","E: Uncertainty","E: Uncertainty","E: Erroneous Data","E: Erroneous Data","E: Uncertainty","E: Erroneous Data","E: Uncertainty","E: Erroneous Data","E: Erroneous Data","E: Erroneous Data","E: Erroneous Data","E: Erroneous Data","E: Erroneous Data","E: Erroneous Data","E: Erroneous Data"
"2022-09-20 21:00:00","PM10",NA,241.5152,0,348.0668,0,155.0706,160.7196,12.0504,0,0.8313,4.5353,643.1922,0,0,29.9987,16.9581,0,0,0.6241,NA,5.8272,NA,0,0,0,NA,NA,NA,0,NA,NA,0,16.6134,0,0,0,0,0,4.0889,0,"E: Uncertainty",NA,NA,NA,NA,NA,NA,NA,NA,NA,NA,NA,NA,NA,NA,NA,NA,NA,NA,"E: Uncertainty",NA,"E: Uncertainty",NA,NA,NA,"E: Uncertainty","E: Uncertainty","E: Uncertainty",NA,"E: Uncertainty","E: Uncertainty",NA,NA,NA,NA,NA,NA,NA,NA,NA
"2022-09-20 22:00:00","PM2.5",858.9731,1.6429,0,359.3029,0,131.0683,26.3001,2.4803,0,NA,1.5429,293.3449,0,0,19.8196,14.9156,0,0,1.6235,NA,4.9973,NA,0,0,0,10.152,NA,0,0,0,NA,0,8.6048,0,0,0,0,0,3.4037,0,NA,NA,NA,NA,NA,NA,NA,NA,NA,"E: Uncertainty",NA,NA,NA,NA,NA,NA,NA,NA,NA,"E: Uncertainty",NA,"E: Uncertainty",NA,NA,NA,NA,"E: Uncertainty",NA,NA,NA,"E: Uncertainty",NA,NA,NA,NA,NA,NA,NA,NA,NA
"2022-09-20 23:00:00","PM10",NA,NA,0,473.7348,0,193.9206,442.2261,10.8133,0,NA,6.2864,563.2222,0,0,11.8527,40.4659,0,0,1.3559,NA,4.9184,NA,0,0,0,NA,NA,NA,0,NA,NA,NA,7.936,0,0,0,0,0,8.76,0,"E: Uncertainty","E: Uncertainty",NA,NA,NA,NA,NA,NA,NA,"E: Uncertainty",NA,NA,NA,NA,NA,NA,NA,NA,NA,"E: Uncertainty",NA,"E: Uncertainty",NA,NA,NA,"E: Uncertainty","E: Uncertainty","E: Uncertainty",NA,"E: Uncertainty","E: Uncertainty","E: Uncertainty",NA,NA,NA,NA,NA,NA,NA,NA
"2022-09-21 00:30:00","PM2.5",NA,0,0,455.3045,0,146.9271,26.492,NA,NA,NA,NA,98.759,NA,0,3.9323,31.4609,0,0,1.4782,NA,3.4166,NA,0,0,0,NA,0,0,0,0,NA,NA,0,0,0,0,0,0,8.4193,0,"E: Uncertainty",NA,NA,NA,NA,NA,NA,"E: Uncertainty","E: Uncertainty","E: Uncertainty","E: Uncertainty",NA,"E: Uncertainty",NA,NA,NA,NA,NA,NA,"E: Uncertainty",NA,"E: Uncertainty",NA,NA,NA,"E: Uncertainty",NA,NA,NA,NA,"E: Uncertainty","E: Uncertainty",NA,NA,NA,NA,NA,NA,NA,NA
"2022-09-21 01:00:00","PM10",NA,NA,0,536.3568,0,196.1423,174.2045,7.895,0,NA,3.4723,260.3636,NA,NA,5.8979,43.5032,0,0,1.345,NA,4.1306,NA,0,0,0,NA,NA,0,0,NA,NA,NA,NA,0,0,0,0,0,11.4058,0,"E: Uncertainty","E: Uncertainty",NA,NA,NA,NA,NA,NA,NA,"E: Uncertainty",NA,NA,"E: Uncertainty","E: Uncertainty",NA,NA,NA,NA,NA,"E: Uncertainty",NA,"E: Uncertainty",NA,NA,NA,"E: Uncertainty","E: Uncertainty",NA,NA,"E: Uncertainty","E: Uncertainty","E: Uncertainty","E: Uncertainty",NA,NA,NA,NA,NA,NA,NA
"2022-09-21 02:00:00","PM2.5",0,0,0,416.8315,0,149.8286,28.5118,1.5389,0,NA,1.2966,116.1906,0,0,3.5815,30.5624,0,0,NA,NA,4.65,NA,0,NA,0,12.0212,NA,NA,0,0,NA,0,NA,0,0,0,0,0,10.4891,0,NA,NA,NA,NA,NA,NA,NA,NA,NA,"E: Uncertainty",NA,NA,NA,NA,NA,NA,NA,NA,"E: Uncertainty","E: Uncertainty",NA,"E: Uncertainty",NA,"E: Uncertainty",NA,NA,"E: Uncertainty","E: Uncertainty",NA,NA,"E: Uncertainty",NA,"E: Uncertainty",NA,NA,NA,NA,NA,NA,NA
"2022-09-21 03:00:00","PM10",0,NA,0,451.705,0,237.0577,196.8957,8.5997,0,1.1651,3.5458,267.2055,NA,NA,6.6824,46.566,0,0,1.9079,0.4266,5.9737,NA,0,0,0,NA,NA,NA,0,0,NA,NA,NA,0,0,0,0,0,9.4127,0,NA,"E: Uncertainty",NA,NA,NA,NA,NA,NA,NA,NA,NA,NA,"E: Uncertainty","E: Uncertainty",NA,NA,NA,NA,NA,NA,NA,"E: Uncertainty",NA,NA,NA,"E: Uncertainty","E: Uncertainty","E: Uncertainty",NA,NA,"E: Uncertainty","E: Uncertainty","E: Uncertainty",NA,NA,NA,NA,NA,NA,NA
"2022-09-21 04:00:00","PM2.5",NA,0,0,511.8935,0,193.4518,27.9966,1.209,0,NA,1.2644,106.4965,0,NA,4.4665,40.2326,0,0,3.0714,0.4425,6.1162,0,0,0,0,11.1064,NA,NA,0,0,NA,0,NA,0,0,0,0,0,10.8582,0,"E: Uncertainty",NA,NA,NA,NA,NA,NA,NA,NA,"E: Uncertainty",NA,NA,NA,"E: Uncertainty",NA,NA,NA,NA,NA,NA,NA,NA,NA,NA,NA,NA,"E: Uncertainty","E: Uncertainty",NA,NA,"E: Uncertainty",NA,"E: Uncertainty",NA,NA,NA,NA,NA,NA,NA
"2022-09-21 05:00:00","PM10",NA,194.9654,0,621.2947,81.9399,266.558,295.2295,11.9747,0.0021,0.8123,6.1069,514.0482,0,NA,18.6862,59.8469,0,0,9.159,1.1456,9.9183,NA,0,0,0,11.6022,0,NA,0,0,NA,NA,7.4038,0,0,0,0,NA,17.5796,0,"E: Uncertainty",NA,NA,NA,NA,NA,NA,NA,NA,NA,NA,NA,NA,"E: Uncertainty",NA,NA,NA,NA,NA,NA,NA,"E: Uncertainty",NA,NA,NA,NA,NA,"E: Uncertainty",NA,NA,"E: Uncertainty","E: Uncertainty",NA,NA,NA,NA,NA,"E: Uncertainty",NA,NA
"2022-09-21 06:00:00","PM2.5",NA,NA,0,479.401,0,151.1422,73.929,3.3247,0,0.7447,2.1386,254.3333,0,0.6634,12.3375,30.479,0,0,6.4561,0.4894,4.3206,NA,0,NA,0,13.5863,NA,NA,0,0,0,0,4.3379,0,0,0,0,0,9.183,0,"E: Uncertainty","E: Uncertainty",NA,NA,NA,NA,NA,NA,NA,NA,NA,NA,NA,NA,NA,NA,NA,NA,NA,NA,NA,"E: Uncertainty",NA,"E: Uncertainty",NA,NA,"E: Uncertainty","E: Uncertainty",NA,NA,NA,NA,NA,NA,NA,NA,NA,NA,NA,NA
"2022-09-21 07:00:00","PM10",NA,1076.0157,0,619.3516,0,289.0477,1147.6435,45.8292,0.9915,3.4393,10.4397,1040.9077,NA,1.0951,28.2693,47.9233,0,0,4.1446,0.5565,4.7573,2.1352,0,NA,0,12.3355,0,0,0,NA,NA,NA,17.5385,0,0,0,0,0,14.0007,0,"E: Uncertainty",NA,NA,NA,NA,NA,NA,NA,NA,NA,NA,NA,"E: Uncertainty",NA,NA,NA,NA,NA,NA,NA,NA,NA,NA,"E: Uncertainty",NA,NA,NA,NA,NA,"E: Uncertainty","E: Uncertainty","E: Uncertainty",NA,NA,NA,NA,NA,NA,NA,NA
"2022-09-21 08:00:00","PM2.5",845.841,0,0,447.1249,0,175.2039,146.8879,7.6511,0,NA,1.6843,332.6738,0,NA,12.5542,33.0937,0,0,3.3435,NA,4.4144,NA,0,0,0,12.1163,0,NA,0,0,NA,NA,3.9739,0,0,0,0,0,13.413,0,NA,NA,NA,NA,NA,NA,NA,NA,NA,"E: Uncertainty",NA,NA,NA,"E: Uncertainty",NA,NA,NA,NA,NA,"E: Uncertainty",NA,"E: Uncertainty",NA,NA,NA,NA,NA,"E: Uncertainty",NA,NA,"E: Uncertainty","E: Uncertainty",NA,NA,NA,NA,NA,NA,NA,NA
"2022-09-21 09:00:00","PM10",NA,368.7922,0,609.1803,0,248.3436,393.1827,28.0054,0,0.9065,3.8435,569.6369,0,NA,14.4275,43.3045,0,0,4.2279,NA,5.1335,2.1921,0,NA,NA,NA,NA,NA,0,0,NA,0,3.7748,0,0,0,0,0,13.8014,0,"E: Uncertainty",NA,NA,NA,NA,NA,NA,NA,NA,NA,NA,NA,NA,"E: Uncertainty",NA,NA,NA,NA,NA,"E: Uncertainty",NA,NA,NA,"E: Uncertainty","E: Uncertainty","E: Uncertainty","E: Uncertainty","E: Uncertainty",NA,NA,"E: Uncertainty",NA,NA,NA,NA,NA,NA,NA,NA,NA
"2022-09-21 10:00:00","PM2.5",NA,0,0,431.4076,0,155.2074,64.4802,2.1662,NA,NA,NA,144.8302,0,NA,5.6609,24.212,0,0,2.2832,0.4481,5.0192,NA,0,0,0,17.8189,0,NA,0,NA,0,NA,0,0,0,0,0,0,7.7672,0,"E: Uncertainty",NA,NA,NA,NA,NA,NA,NA,"E: Uncertainty","E: Uncertainty","E: Uncertainty",NA,NA,"E: Uncertainty",NA,NA,NA,NA,NA,NA,NA,"E: Uncertainty",NA,NA,NA,NA,NA,"E: Uncertainty",NA,"E: Uncertainty",NA,"E: Uncertainty",NA,NA,NA,NA,NA,NA,NA,NA
"2022-09-21 11:00:00","PM10",NA,320.7822,0,418.8797,0,145.0161,337.4409,26.9089,0,NA,3.2472,269.9352,0,NA,6.1695,19.3578,0,0,0,0,5.2568,NA,0,0,0,12.7007,NA,0,0,0,0,NA,NA,0,0,0,0,0,6.3181,0,"E: Uncertainty",NA,NA,NA,NA,NA,NA,NA,NA,"E: Uncertainty",NA,NA,NA,"E: Uncertainty",NA,NA,NA,NA,NA,NA,NA,"E: Uncertainty",NA,NA,NA,NA,"E: Uncertainty",NA,NA,NA,NA,"E: Uncertainty","E: Uncertainty",NA,NA,NA,NA,NA,NA,NA
"2022-09-21 12:00:00","PM2.5",NA,NA,0,335.9991,0,94.9882,82.702,5.2533,NA,NA,1.0443,103.3454,0,NA,3.8007,15.1654,0,0,0.581,0,4.1654,NA,0,0,0,NA,NA,0,0,0,NA,NA,NA,0,0,0,0,0,4.8298,0,"E: Uncertainty","E: Uncertainty",NA,NA,NA,NA,NA,NA,"E: Uncertainty","E: Uncertainty",NA,NA,NA,"E: Uncertainty",NA,NA,NA,NA,NA,NA,NA,"E: Uncertainty",NA,NA,NA,"E: Uncertainty","E: Uncertainty",NA,NA,NA,"E: Uncertainty","E: Uncertainty","E: Uncertainty",NA,NA,NA,NA,NA,NA,NA
"2022-09-21 13:00:00","PM10",NA,581.3628,0,489.5351,0,210.1059,576.4601,17.306,NA,0.7859,5.5913,355.2522,0,0,7.9417,26.3014,0,0,1.0489,NA,4.724,1.5432,0,0,0,9.5592,NA,NA,0,NA,0,NA,NA,0,0,0,0,0,6.9459,0,"E: Uncertainty",NA,NA,NA,NA,NA,NA,NA,"E: Uncertainty",NA,NA,NA,NA,NA,NA,NA,NA,NA,NA,"E: Uncertainty",NA,NA,NA,NA,NA,NA,"E: Uncertainty","E: Uncertainty",NA,"E: Uncertainty",NA,"E: Uncertainty","E: Uncertainty",NA,NA,NA,NA,NA,NA,NA
"2022-09-21 14:00:00","PM2.5",NA,NA,0,389.9856,0,357.2486,94.5982,2.5544,NA,0,NA,95.067,0,NA,3.5492,12.4231,0,0,0.9322,NA,4.0702,NA,0,0,0,16.6326,0,NA,0,NA,NA,NA,0,0,0,0,0,0,5.6353,0,"E: Uncertainty","E: Uncertainty",NA,NA,NA,NA,NA,NA,"E: Uncertainty",NA,"E: Uncertainty",NA,NA,"E: Uncertainty",NA,NA,NA,NA,NA,"E: Uncertainty",NA,"E: Uncertainty",NA,NA,NA,NA,NA,"E: Uncertainty",NA,"E: Uncertainty","E: Uncertainty","E: Uncertainty",NA,NA,NA,NA,NA,NA,NA,NA
"2022-09-21 15:00:00","PM10",NA,547.112,0,410.4307,0,176.4832,351.442,16.8845,NA,NA,3.4743,321.4759,0,NA,6.3095,23.2365,0,0,0,NA,3.8813,2.0466,0,0,0,14.7907,0,NA,0,NA,NA,0.0784,4.2221,0,0,0,0,0,7.7305,0,"E: Uncertainty",NA,NA,NA,NA,NA,NA,NA,"E: Uncertainty","E: Uncertainty",NA,NA,NA,"E: Uncertainty",NA,NA,NA,NA,NA,"E: Uncertainty",NA,NA,NA,NA,NA,NA,NA,"E: Uncertainty",NA,"E: Uncertainty","E: Uncertainty",NA,NA,NA,NA,NA,NA,NA,NA,NA
"2022-09-21 16:00:00","PM2.5",612.6137,0,0,378.4921,0,77.5136,44.874,3.1457,NA,NA,1.2195,133.5228,NA,NA,6.4916,28.1263,0,0,0.9683,NA,4.0203,NA,0,0,0,9.7364,NA,0,0,0,NA,0,NA,0,0,0,0,0,5.1941,0,NA,NA,NA,NA,NA,NA,NA,NA,"E: Uncertainty","E: Uncertainty",NA,NA,"E: Uncertainty","E: Uncertainty",NA,NA,NA,NA,NA,"E: Uncertainty",NA,"E: Uncertainty",NA,NA,NA,NA,"E: Uncertainty",NA,NA,NA,"E: Uncertainty",NA,"E: Uncertainty",NA,NA,NA,NA,NA,NA,NA
"2022-09-21 17:00:00","PM10",NA,356.5182,0,430.5652,0,166.6198,279.688,15.7879,0,1.2112,6.1127,501.243,0,NA,16.1661,31.9916,0,0,1.821,NA,4.6711,NA,0,0,0,NA,NA,0,0,0,NA,NA,4.8501,0,0,0,0,0,4.8967,0,"E: Uncertainty",NA,NA,NA,NA,NA,NA,NA,NA,NA,NA,NA,NA,"E: Uncertainty",NA,NA,NA,NA,NA,"E: Uncertainty",NA,"E: Uncertainty",NA,NA,NA,"E: Uncertainty","E: Uncertainty",NA,NA,NA,"E: Uncertainty","E: Uncertainty",NA,NA,NA,NA,NA,NA,NA,NA
"2022-09-21 18:00:00","PM2.5",693.7548,0,0,419.9188,0,140.8788,52.0274,5.9101,0,NA,2.802,457.8303,0,NA,34.1446,44.3703,0,0,0.9776,NA,6.1045,NA,0,0,0,NA,0,0,0,NA,NA,0.0302,17.7297,0,0,0,0,0,5.0662,0,NA,NA,NA,NA,NA,NA,NA,NA,NA,"E: Uncertainty",NA,NA,NA,"E: Uncertainty",NA,NA,NA,NA,NA,"E: Uncertainty",NA,"E: Uncertainty",NA,NA,NA,"E: Uncertainty",NA,NA,NA,"E: Uncertainty","E: Uncertainty",NA,NA,NA,NA,NA,NA,NA,NA,NA
"2022-09-21 19:00:00","PM10",NA,429.2076,0,457.846,0,195.4139,321.3244,20.9956,0,3.7448,10.4531,1256.0266,0,0.8712,49.6608,58.0938,0,0,2.6854,NA,6.92,1.5471,0,NA,0,15.8004,NA,0.0686,0,0,0,NA,27.0194,0,0,0,0,0,9.5199,0,"E: Uncertainty",NA,NA,NA,NA,NA,NA,NA,NA,NA,NA,NA,NA,NA,NA,NA,NA,NA,NA,"E: Uncertainty",NA,NA,NA,"E: Uncertainty",NA,NA,"E: Uncertainty",NA,NA,NA,NA,"E: Uncertainty",NA,NA,NA,NA,NA,NA,NA,NA
"2022-09-21 20:00:00","PM2.5",NA,NA,0,399.6795,0,146.0232,67.4721,9.6217,0,NA,3.7128,576.7911,0,0,50.9917,62.5652,0,0,2.7451,NA,6.3424,NA,0,0,0,9.7237,0,NA,0,NA,NA,NA,29.9166,0,0,0,0,0,11.4121,0,"E: Uncertainty","E: Uncertainty",NA,NA,NA,NA,NA,NA,NA,"E: Uncertainty",NA,NA,NA,NA,NA,NA,NA,NA,NA,"E: Uncertainty",NA,"E: Uncertainty",NA,NA,NA,NA,NA,"E: Uncertainty",NA,"E: Uncertainty","E: Uncertainty","E: Uncertainty",NA,NA,NA,NA,NA,NA,NA,NA
"2022-09-21 21:00:00","PM10",NA,368.6852,0,422.867,0,225.3243,273.3765,19.3073,0,2.2912,10.0601,1369.8532,0,NA,60.2317,61.1772,0,0,5.3724,0,7.8669,NA,0,NA,0,10.9603,0,NA,0,NA,NA,NA,34.5168,0,0,0,0,0,12.1365,0,"E: Uncertainty",NA,NA,NA,NA,NA,NA,NA,NA,NA,NA,NA,NA,"E: Uncertainty",NA,NA,NA,NA,NA,NA,NA,"E: Uncertainty",NA,"E: Uncertainty",NA,NA,NA,"E: Uncertainty",NA,"E: Uncertainty","E: Uncertainty","E: Uncertainty",NA,NA,NA,NA,NA,NA,NA,NA
"2022-09-21 22:00:00","PM2.5",776.5283,0,0,318.8089,0,201.798,50.9455,3.5285,0,NA,2.2882,366.7435,0,0,21.3714,26.1815,0,0,3.3416,NA,4.7892,NA,0,0,0,13.5579,NA,NA,0,NA,0,NA,10.9819,0,0,0,0,0,6.9166,0,NA,NA,NA,NA,NA,NA,NA,NA,NA,"E: Uncertainty",NA,NA,NA,NA,NA,NA,NA,NA,NA,"E: Uncertainty",NA,"E: Uncertainty",NA,NA,NA,NA,"E: Uncertainty","E: Uncertainty",NA,"E: Uncertainty",NA,"E: Uncertainty",NA,NA,NA,NA,NA,NA,NA,NA
"2022-09-21 23:00:00","PM10",0,NA,0,302.0504,0,228.1151,207.7719,11.1691,NA,1.2913,4.0389,463.2185,0,NA,13.1421,22.0719,0,0,2.3335,NA,5.3076,2.2408,0,NA,0,30.3813,NA,0,0,NA,NA,NA,7.9355,0,0,0,0,0,5.2341,0,NA,"E: Uncertainty",NA,NA,NA,NA,NA,NA,"E: Uncertainty",NA,NA,NA,NA,"E: Uncertainty",NA,NA,NA,NA,NA,"E: Uncertainty",NA,NA,NA,"E: Uncertainty",NA,NA,"E: Uncertainty",NA,NA,"E: Uncertainty","E: Uncertainty","E: Uncertainty",NA,NA,NA,NA,NA,NA,NA,NA
"2022-09-22 00:30:00","PM2.5",NA,0,0,258.662,0,194.4861,32.463,0,0,0,0,87.4136,NA,0,4.496,15.0157,0,0,NA,NA,3.9006,NA,0,0,0,18.3532,0,NA,0,0,0,0,NA,0,NA,0,0,0,7.3244,0,"E: Uncertainty",NA,NA,NA,NA,NA,NA,NA,NA,NA,NA,NA,"E: Uncertainty",NA,NA,NA,NA,NA,"E: Uncertainty","E: Uncertainty",NA,"E: Uncertainty",NA,NA,NA,NA,NA,"E: Uncertainty",NA,NA,NA,NA,"E: Uncertainty",NA,"E: Uncertainty",NA,NA,NA,NA,NA
"2022-09-22 01:00:00","PM10",NA,NA,0,360.6524,0,270.5978,221.3014,5.843,NA,0.67,2.1137,245.0807,0,NA,6.9276,24.4432,0,0,2.172,0.5981,6.1954,NA,0,0,NA,20.0968,NA,0,0,NA,NA,0,NA,0,0,0,0,0,5.7201,0,"E: Uncertainty","E: Uncertainty",NA,NA,NA,NA,NA,NA,"E: Uncertainty",NA,NA,NA,NA,"E: Uncertainty",NA,NA,NA,NA,NA,NA,NA,"E: Uncertainty",NA,NA,"E: Uncertainty",NA,"E: Uncertainty",NA,NA,"E: Uncertainty","E: Uncertainty",NA,"E: Uncertainty",NA,NA,NA,NA,NA,NA,NA
"2022-09-22 02:00:00","PM2.5",0,0,0,312.5575,0,189.9791,19.788,NA,0,NA,NA,68.8569,0,NA,2.6895,18.2322,0,0,1.2049,0.6973,5.1609,NA,0,0,0,15.504,NA,NA,0,0,NA,NA,NA,0,0,0,0,0,5.7739,0,NA,NA,NA,NA,NA,NA,NA,"E: Uncertainty",NA,"E: Uncertainty","E: Uncertainty",NA,NA,"E: Uncertainty",NA,NA,NA,NA,NA,NA,NA,"E: Uncertainty",NA,NA,NA,NA,"E: Uncertainty","E: Uncertainty",NA,NA,"E: Uncertainty","E: Uncertainty","E: Uncertainty",NA,NA,NA,NA,NA,NA,NA
"2022-09-22 03:00:00","PM10",0,NA,0,376.4744,0,152.9957,126.0557,3.6844,NA,0.6196,1.4897,162.6364,0,NA,4.5956,16.8881,0,0,2.0747,0.5853,4.5746,NA,0,0,0,11.0731,0,NA,0,0,NA,0,NA,0,NA,0,0,0,5.0175,0,NA,"E: Uncertainty",NA,NA,NA,NA,NA,NA,"E: Uncertainty",NA,NA,NA,NA,"E: Uncertainty",NA,NA,NA,NA,NA,NA,NA,"E: Uncertainty",NA,NA,NA,NA,NA,"E: Uncertainty",NA,NA,"E: Uncertainty",NA,"E: Uncertainty",NA,"E: Uncertainty",NA,NA,NA,NA,NA
"2022-09-22 04:00:00","PM2.5",0,0,0,290.9883,0,108.0363,8.8955,1.2138,0.7388,NA,0,36.8199,NA,NA,1.3091,11.2228,0,0,1.5872,0.4103,4.1083,0,0,0,0,19.8873,0,NA,0,NA,NA,NA,NA,0,0,0,0,0,2.9953,0,NA,NA,NA,NA,NA,NA,NA,NA,NA,"E: Uncertainty",NA,NA,"E: Uncertainty","E: Uncertainty",NA,NA,NA,NA,NA,NA,NA,NA,NA,NA,NA,NA,NA,"E: Uncertainty",NA,"E: Uncertainty","E: Uncertainty","E: Uncertainty","E: Uncertainty",NA,NA,NA,NA,NA,NA,NA
"2022-09-22 05:00:00","PM10",0,0,0,339.6307,0,126.8441,91.3641,3.4576,0.9664,NA,NA,158.7982,0,NA,5.1761,19.6321,0,0,0.8304,0.6032,3.6471,NA,0,0,0,25.2943,0,0,0,0,NA,NA,NA,0,0,0,0,0,5.3628,0,NA,NA,NA,NA,NA,NA,NA,NA,NA,"E: Uncertainty","E: Uncertainty",NA,NA,"E: Uncertainty",NA,NA,NA,NA,NA,NA,NA,"E: Uncertainty",NA,NA,NA,NA,NA,NA,NA,NA,"E: Uncertainty","E: Uncertainty","E: Uncertainty",NA,NA,NA,NA,NA,NA,NA
"2022-09-22 06:00:00","PM2.5",NA,0,0,306.6276,0,107.2028,8.0833,NA,NA,0,NA,60.7182,0,NA,2.2907,11.2067,0,0,0.8558,NA,7.1125,NA,0,0,0,15.4729,NA,NA,0,NA,0,NA,NA,0,0,0,0,0,2.9766,0,"E: Uncertainty",NA,NA,NA,NA,NA,NA,"E: Uncertainty","E: Uncertainty",NA,"E: Uncertainty",NA,NA,"E: Uncertainty",NA,NA,NA,NA,NA,"E: Uncertainty",NA,"E: Uncertainty",NA,NA,NA,NA,"E: Uncertainty","E: Uncertainty",NA,"E: Uncertainty",NA,"E: Uncertainty","E: Uncertainty",NA,NA,NA,NA,NA,NA,NA
"2022-09-22 07:00:00","PM10",NA,NA,0,466.6516,0,140.4034,207.8728,9.9454,1.0958,1.0179,2.1269,351.4209,0,NA,10.418,18.2408,0,0,0.6306,0.4228,5.1053,NA,0,NA,0,11.0066,NA,0,0,NA,0.0399,0,5.0534,0,0,0,0,0,4.415,0,"E: Uncertainty","E: Uncertainty",NA,NA,NA,NA,NA,NA,NA,NA,NA,NA,NA,"E: Uncertainty",NA,NA,NA,NA,NA,NA,NA,"E: Uncertainty",NA,"E: Uncertainty",NA,NA,"E: Uncertainty",NA,NA,"E: Uncertainty",NA,NA,NA,NA,NA,NA,NA,NA,NA,NA
"2022-09-22 08:00:00","PM2.5",615.2962,0,0,437.082,0,135.031,39.8362,2.8276,1.7106,0,NA,79.4648,0,0.5343,3.0852,13.8637,0,0,1.5316,0.6458,4.3226,NA,0,0,0,10.1016,NA,0,0,0,0,NA,0,0,0,0,0,0,3.0197,0,NA,NA,NA,NA,NA,NA,NA,NA,NA,NA,"E: Uncertainty",NA,NA,NA,NA,NA,NA,NA,NA,NA,NA,"E: Uncertainty",NA,NA,NA,NA,"E: Uncertainty",NA,NA,NA,NA,"E: Uncertainty",NA,NA,NA,NA,NA,NA,NA,NA
"2022-09-22 09:00:00","PM10",NA,NA,0,596.8652,NA,121.5259,296.4893,10.0369,2.5111,NA,2.4215,211.6574,0,1.129,5.6711,13.7408,0,0,2.1141,NA,5.5181,NA,0,0,0,17.5254,NA,NA,0,NA,NA,0,0,0,0,0,0,0,1.302,0,"E: Uncertainty","E: Uncertainty",NA,NA,"E: Uncertainty",NA,NA,NA,NA,"E: Uncertainty",NA,NA,NA,NA,NA,NA,NA,NA,NA,"E: Uncertainty",NA,"E: Uncertainty",NA,NA,NA,NA,"E: Uncertainty","E: Uncertainty",NA,"E: Uncertainty","E: Uncertainty",NA,NA,NA,NA,NA,NA,NA,NA,NA
"2022-09-22 10:00:00","PM2.5",0,0,0,447.2419,0,87.0638,91.6676,3.2008,1.6682,0,NA,70.8451,0,0.6806,2.6441,16.0332,0,0,0.9925,0.6121,4.12,NA,0,0,0,9.4,NA,0,0,NA,NA,NA,0,0,0,0,0,0,1.8872,0,NA,NA,NA,NA,NA,NA,NA,NA,NA,NA,"E: Uncertainty",NA,NA,NA,NA,NA,NA,NA,NA,NA,NA,"E: Uncertainty",NA,NA,NA,NA,"E: Uncertainty",NA,NA,"E: Uncertainty","E: Uncertainty","E: Uncertainty",NA,NA,NA,NA,NA,NA,NA,NA
"2022-09-22 11:00:00","PM10",NA,1033.4182,0,669.8859,0,192.6449,1087.0897,57.7926,2.2724,NA,7.0081,401.8601,0,0.8673,7.8712,19.7542,0,0,1.9435,0.7336,4.9511,2.5058,0,0,0,15.2449,0,0,0,NA,NA,NA,NA,0,0,0,NA,0,3.3,0,"E: Uncertainty",NA,NA,NA,NA,NA,NA,NA,NA,"E: Uncertainty",NA,NA,NA,NA,NA,NA,NA,NA,NA,NA,NA,NA,NA,NA,NA,NA,NA,NA,NA,"E: Uncertainty","E: Uncertainty","E: Uncertainty","E: Uncertainty",NA,NA,NA,"E: Uncertainty",NA,NA,NA
"2022-09-22 12:00:00","PM2.5",NA,NA,0,439.9199,0,69.6473,107.369,2.8367,0.8762,NA,NA,90.3864,NA,0.6251,3.8643,18.3231,0,0,0.8658,NA,4.478,NA,0,0,0,15.4593,0,NA,0,0,NA,NA,0,0,0,0,0,0,2.8824,0,"E: Uncertainty","E: Uncertainty",NA,NA,NA,NA,NA,NA,NA,"E: Uncertainty","E: Uncertainty",NA,"E: Uncertainty",NA,NA,NA,NA,NA,NA,"E: Uncertainty",NA,"E: Uncertainty",NA,NA,NA,NA,NA,"E: Uncertainty",NA,NA,"E: Uncertainty","E: Uncertainty",NA,NA,NA,NA,NA,NA,NA,NA
"2022-09-22 13:00:00","PM10",NA,795.1987,0,533.2128,0,167.6299,806.4331,25.4789,1.7793,NA,5.6453,350.1715,0.7369,NA,6.0998,15.6797,0,0,1.1501,NA,4.6321,NA,0,0,NA,12.065,0,NA,0,0.1208,NA,NA,3.6122,0,0,0,0,0,1.2435,0,"E: Uncertainty",NA,NA,NA,NA,NA,NA,NA,NA,"E: Uncertainty",NA,NA,NA,"E: Uncertainty",NA,NA,NA,NA,NA,"E: Uncertainty",NA,"E: Uncertainty",NA,NA,"E: Uncertainty",NA,NA,"E: Uncertainty",NA,NA,"E: Uncertainty","E: Uncertainty",NA,NA,NA,NA,NA,NA,NA,NA
"2022-09-22 14:00:00","PM2.5",0,0,0,437.8701,0,60.701,101.3949,2.5621,NA,0,NA,87.1372,0,NA,2.4363,9.1678,0,0,NA,NA,4.1745,0,NA,0,0,NA,NA,NA,0,0,0,NA,NA,0,0,0,0,0,2.9859,0,NA,NA,NA,NA,NA,NA,NA,NA,"E: Uncertainty",NA,"E: Uncertainty",NA,NA,"E: Uncertainty",NA,NA,NA,NA,"E: Uncertainty","E: Uncertainty",NA,NA,"E: Uncertainty",NA,NA,"E: Uncertainty","E: Uncertainty","E: Uncertainty",NA,NA,NA,"E: Uncertainty","E: Uncertainty",NA,NA,NA,NA,NA,NA,NA
"2022-09-22 15:00:00","PM10",NA,692.3342,0,577.0552,0,159.23,736.2441,20.665,NA,1.1912,6.4193,436.2179,0,NA,9.9463,20.2053,0,0,0.6796,0,4.5445,NA,0,0,0,14.2531,NA,NA,0,0,NA,NA,NA,0,0,0,0,0,3.8858,0,"E: Uncertainty",NA,NA,NA,NA,NA,NA,NA,"E: Uncertainty",NA,NA,NA,NA,"E: Uncertainty",NA,NA,NA,NA,NA,NA,NA,"E: Uncertainty",NA,NA,NA,NA,"E: Uncertainty","E: Uncertainty",NA,NA,"E: Uncertainty","E: Uncertainty","E: Uncertainty",NA,NA,NA,NA,NA,NA,NA
"2022-09-22 16:00:00","PM2.5",NA,0,0,472.4521,0,69.5759,42.2761,1.2545,NA,0.5911,0.7706,110.3642,0,NA,4.1937,9.538,0,0,0.4188,NA,4.2912,NA,0,0,0,NA,NA,0,0,0.0324,0,NA,NA,0,0,0,0,0,3.1689,0,"E: Uncertainty",NA,NA,NA,NA,NA,NA,NA,"E: Uncertainty",NA,NA,NA,NA,"E: Uncertainty",NA,NA,NA,NA,NA,"E: Uncertainty",NA,"E: Uncertainty",NA,NA,NA,"E: Uncertainty","E: Uncertainty",NA,NA,NA,NA,"E: Uncertainty","E: Uncertainty",NA,NA,NA,NA,NA,NA,NA
"2022-09-22 17:00:00","PM10",NA,NA,0,574.1808,0,133.1825,199.0231,11.9566,NA,1.0176,3.591,372.2918,0,0.5688,10.8374,13.0911,0,0,1.33,NA,4.3556,NA,0,0,0,NA,NA,NA,0,0.1812,0,0,4.8094,0,0,0,NA,0,2.1132,0,"E: Uncertainty","E: Uncertainty",NA,NA,NA,NA,NA,NA,"E: Uncertainty",NA,NA,NA,NA,NA,NA,NA,NA,NA,NA,"E: Uncertainty",NA,"E: Uncertainty",NA,NA,NA,"E: Uncertainty","E: Uncertainty","E: Uncertainty",NA,NA,NA,NA,NA,NA,NA,NA,"E: Uncertainty",NA,NA,NA
"2022-09-22 18:00:00","PM2.5",NA,0,0,393.4106,0,88.4208,20.8217,1.3428,NA,NA,NA,81.5727,0,0,3.4534,10.0421,0,0,1.9638,0.4382,3.8731,0,0,0,0,10.62,NA,NA,0,NA,NA,NA,NA,0,0,0,0,0,NA,0,"E: Uncertainty",NA,NA,NA,NA,NA,NA,NA,"E: Uncertainty","E: Uncertainty","E: Uncertainty",NA,NA,NA,NA,NA,NA,NA,NA,NA,NA,NA,NA,NA,NA,NA,"E: Uncertainty","E: Uncertainty",NA,"E: Uncertainty","E: Uncertainty","E: Uncertainty","E: Uncertainty",NA,NA,NA,NA,NA,"E: Uncertainty",NA
"2022-09-22 19:00:00","PM10",0,NA,0,520.5434,102.4915,128.2346,182.2332,7.0275,NA,NA,2.6432,258.7812,0,0.6147,6.9113,18.1868,0,0,1.8392,NA,5.1279,1.5979,0,0,0,NA,0,0,0,0,0,NA,5.8348,0,0,0,0,0,1.215,0,NA,"E: Uncertainty",NA,NA,NA,NA,NA,NA,"E: Uncertainty","E: Uncertainty",NA,NA,NA,NA,NA,NA,NA,NA,NA,"E: Uncertainty",NA,NA,NA,NA,NA,"E: Uncertainty",NA,NA,NA,NA,NA,"E: Uncertainty",NA,NA,NA,NA,NA,NA,NA,NA
"2022-09-22 20:00:00","PM2.5",NA,0,0,446.1781,0,64.0578,18.5963,1.4558,0.8821,NA,NA,55.5987,NA,0.5136,2.1768,7.7871,0,0,1.03,0,3.8974,0,0,0,0,16.3087,0,0,0,NA,NA,NA,NA,0,NA,0,0,0,1.6636,0,"E: Uncertainty",NA,NA,NA,NA,NA,NA,NA,NA,"E: Uncertainty","E: Uncertainty",NA,"E: Uncertainty",NA,NA,NA,NA,NA,NA,NA,NA,NA,NA,NA,NA,NA,NA,NA,NA,"E: Uncertainty","E: Uncertainty","E: Uncertainty","E: Uncertainty",NA,"E: Uncertainty",NA,NA,NA,NA,NA
"2022-09-22 21:00:00","PM10",NA,NA,0,517.5421,325.4588,97.2696,90.2543,5.0342,0,NA,0.9255,200.3393,0,NA,13.4778,12.639,0,0,1.4992,NA,5.3593,NA,0,0,0,NA,0,NA,0,0,NA,0,4.9667,0,0,0,0,0,NA,0,"E: Uncertainty","E: Uncertainty",NA,NA,NA,NA,NA,NA,NA,"E: Uncertainty",NA,NA,NA,"E: Uncertainty",NA,NA,NA,NA,NA,"E: Uncertainty",NA,"E: Uncertainty",NA,NA,NA,"E: Uncertainty",NA,"E: Uncertainty",NA,NA,"E: Uncertainty",NA,NA,NA,NA,NA,NA,NA,"E: Uncertainty",NA
"2022-09-22 22:00:00","PM2.5",0,0,0,448.102,0,47.9158,8.9579,NA,0,NA,0,42.1861,0,NA,3.5475,8.7158,0,0,0.4732,NA,4.5094,NA,0,0,0,NA,NA,0,0,NA,NA,0,NA,0,0,0,0,0,2.1377,0,NA,NA,NA,NA,NA,NA,NA,"E: Uncertainty",NA,"E: Uncertainty",NA,NA,NA,"E: Uncertainty",NA,NA,NA,NA,NA,"E: Uncertainty",NA,"E: Uncertainty",NA,NA,NA,"E: Uncertainty","E: Uncertainty",NA,NA,"E: Uncertainty","E: Uncertainty",NA,"E: Uncertainty",NA,NA,NA,NA,NA,NA,NA
"2022-09-22 23:00:00","PM10",NA,0,0,485.1994,0,64.5725,32.6345,1.566,NA,NA,NA,96.3265,0,0.7939,3.9804,15.8166,0,0,0.6342,NA,4.9824,0,0,0,0,NA,0,NA,0,0,NA,NA,NA,0,0,0,0,0,3.3991,0,"E: Uncertainty",NA,NA,NA,NA,NA,NA,NA,"E: Uncertainty","E: Uncertainty","E: Uncertainty",NA,NA,NA,NA,NA,NA,NA,NA,"E: Uncertainty",NA,NA,NA,NA,NA,"E: Uncertainty",NA,"E: Uncertainty",NA,NA,"E: Uncertainty","E: Uncertainty","E: Uncertainty",NA,NA,NA,NA,NA,NA,NA
"2022-09-23 00:30:00","PM2.5",1368.0105,0,0,1095.0536,0,40.6131,NA,0.0149,NA,0,0,28.2251,NA,NA,2.799,9.2427,0,0,2.4196,1.8938,6.1427,0,0,0,0,NA,NA,0,0,0,0,NA,0,0,0,0,0,0,4.4227,0,NA,NA,NA,NA,NA,NA,"E: Uncertainty",NA,"E: Uncertainty",NA,NA,NA,"E: Uncertainty","E: Uncertainty",NA,NA,NA,NA,NA,NA,NA,NA,NA,NA,NA,"E: Uncertainty","E: Uncertainty",NA,NA,NA,NA,"E: Uncertainty",NA,NA,NA,NA,NA,NA,NA,NA
"2022-09-23 01:00:00","PM10",NA,0,0,1413.5885,0,77.1111,55.8184,4.3477,1.178,0,NA,69.068,0,0.548,4.0425,14.3537,0,0,1.4041,1.9315,8.8894,NA,0,0,0,12.3834,NA,0,0,NA,NA,0,NA,0,0,0,NA,0,6.8468,0,"E: Uncertainty",NA,NA,NA,NA,NA,NA,NA,NA,NA,"E: Uncertainty",NA,NA,NA,NA,NA,NA,NA,NA,NA,NA,"E: Uncertainty",NA,NA,NA,NA,"E: Uncertainty",NA,NA,"E: Uncertainty","E: Uncertainty",NA,"E: Uncertainty",NA,NA,NA,"E: Uncertainty",NA,NA,NA
"2022-09-23 02:00:00","PM2.5",714.5691,0,0,902.8742,0,44.06,13.9674,1.7629,0,0,0,20.7935,0,NA,1.0146,8.6217,0,0,1.0009,0.7693,1.7737,0,0,0,0,NA,NA,NA,0,NA,0,NA,NA,0,0,0,0,0,1.3771,0,NA,NA,NA,NA,NA,NA,NA,NA,NA,NA,NA,NA,NA,"E: Uncertainty",NA,NA,NA,NA,NA,NA,NA,NA,NA,NA,NA,"E: Uncertainty","E: Uncertainty","E: Uncertainty",NA,"E: Uncertainty",NA,"E: Uncertainty","E: Uncertainty",NA,NA,NA,NA,NA,NA,NA
"2022-09-23 03:00:00","PM10",NA,0,0,1355.7036,413.8059,87.1903,87.4161,2.5489,NA,0,NA,54.2563,0,0.6006,2.9839,19.8736,0,0,1.1042,0.7839,2.894,NA,0,0,0,17.7793,0,0,0,NA,NA,NA,0,0,0,0,0,0,1.9993,0,"E: Uncertainty",NA,NA,NA,NA,NA,NA,NA,"E: Uncertainty",NA,"E: Uncertainty",NA,NA,NA,NA,NA,NA,NA,NA,NA,NA,"E: Uncertainty",NA,NA,NA,NA,NA,NA,NA,"E: Uncertainty","E: Uncertainty","E: Uncertainty",NA,NA,NA,NA,NA,NA,NA,NA
"2022-09-23 04:00:00","PM2.5",NA,0,0,612.3798,58.8193,30.8024,17.5284,NA,0,0,0,21.5326,0,NA,1.2035,5.1342,0,0,0.5432,NA,1.8729,NA,0,0,0,NA,NA,NA,0,0,0,NA,NA,0,0,0,0,0,2.0337,0,"E: Uncertainty",NA,NA,NA,NA,NA,NA,"E: Uncertainty",NA,NA,NA,NA,NA,"E: Uncertainty",NA,NA,NA,NA,NA,"E: Uncertainty",NA,"E: Uncertainty",NA,NA,NA,"E: Uncertainty","E: Uncertainty","E: Uncertainty",NA,NA,NA,"E: Uncertainty","E: Uncertainty",NA,NA,NA,NA,NA,NA,NA
"2022-09-23 05:00:00","PM10",887.2035,0,0,1157.0583,1109.5181,88.654,113.7139,3.0301,NA,0.7102,0.8493,138.9969,0,NA,6.8488,31.478,0,0,1.0232,NA,5.2132,NA,0,0,0,12.1458,NA,NA,0,NA,NA,NA,NA,0,0,0,0,0,4.0755,0,NA,NA,NA,NA,NA,NA,NA,NA,"E: Uncertainty",NA,NA,NA,NA,"E: Uncertainty",NA,NA,NA,NA,NA,"E: Uncertainty",NA,"E: Uncertainty",NA,NA,NA,NA,"E: Uncertainty","E: Uncertainty",NA,"E: Uncertainty","E: Uncertainty","E: Uncertainty","E: Uncertainty",NA,NA,NA,NA,NA,NA,NA
"2022-09-23 06:00:00","PM2.5",NA,0,0,1150.2289,0,42.7861,19.9938,NA,NA,NA,NA,72.6866,0,NA,4.117,29.3769,0,0,3.046,0.4506,3.4788,NA,0,0,0,NA,0,0.0797,0,NA,NA,NA,NA,0,0,0,0,0,6.6826,0,"E: Uncertainty",NA,NA,NA,NA,NA,NA,"E: Uncertainty","E: Uncertainty","E: Uncertainty","E: Uncertainty",NA,NA,"E: Uncertainty",NA,NA,NA,NA,NA,NA,NA,"E: Uncertainty",NA,NA,NA,"E: Conc. Uncertainty",NA,NA,NA,"E: Uncertainty","E: Uncertainty","E: Uncertainty","E: Uncertainty",NA,NA,NA,NA,NA,NA,NA
"2022-09-23 07:00:00","PM10",731.488,0,0,934.3576,588.7704,78.1233,158.3683,6.0839,0,3.53,13.9042,552.8214,0,1.8391,18.5495,31.4793,0,0,0.6571,0.5125,3.2177,NA,0,0,0,13.3278,NA,NA,0,0,NA,NA,5.8947,0,0,0,0,0,3.952,0,NA,NA,NA,NA,NA,NA,NA,NA,NA,NA,NA,NA,NA,NA,NA,NA,NA,NA,NA,NA,NA,"E: Uncertainty",NA,NA,NA,NA,"E: Uncertainty","E: Uncertainty",NA,NA,"E: Uncertainty","E: Uncertainty",NA,NA,NA,NA,NA,NA,NA,NA
"2022-09-23 08:00:00","PM2.5",NA,0.5501,0,600.4735,109.0008,42.3005,62.2919,2.7898,0,0.9118,6.9062,217.3474,NA,0.5498,9.8783,19.8274,0,0,1.1362,NA,2.3556,NA,0,0,0,13.3892,0,0,0,NA,NA,NA,0,0,0,0,0,0,1.3648,0,"E: Uncertainty",NA,NA,NA,NA,NA,NA,NA,NA,NA,NA,NA,"E: Uncertainty",NA,NA,NA,NA,NA,NA,"E: Uncertainty",NA,"E: Uncertainty",NA,NA,NA,NA,NA,NA,NA,"E: Uncertainty","E: Uncertainty","E: Uncertainty",NA,NA,NA,NA,NA,NA,NA,NA
"2022-09-23 09:00:00","PM10",0,NA,0,420.571,1380.2421,94.5303,248.1594,17.2743,0,1.1607,3.7852,303.5142,0,NA,9.3384,23.2891,0,0,NA,NA,2.9862,2.5372,0,0,0,15.9022,0,0,0,0,0,NA,NA,0,0,0,0,0,2.1946,0,NA,"E: Uncertainty",NA,NA,NA,NA,NA,NA,NA,NA,NA,NA,NA,"E: Uncertainty",NA,NA,NA,NA,"E: Uncertainty","E: Uncertainty",NA,NA,NA,NA,NA,NA,NA,NA,NA,NA,NA,"E: Uncertainty","E: Uncertainty",NA,NA,NA,NA,NA,NA,NA
"2022-09-23 10:00:00","PM2.5",NA,0,0,208.995,297.6137,29.3889,58.818,2.453,NA,NA,2.2221,97.621,0,NA,5.0611,19.5837,0,0,0.7703,0,0.7124,NA,0,0,0,13.7933,0,0,0,0,NA,0,NA,0,0,0,0,0,NA,0,"E: Uncertainty",NA,NA,NA,NA,NA,NA,NA,"E: Uncertainty","E: Uncertainty",NA,NA,NA,"E: Uncertainty",NA,NA,NA,NA,NA,NA,NA,"E: Uncertainty",NA,NA,NA,NA,NA,NA,NA,NA,"E: Uncertainty",NA,"E: Uncertainty",NA,NA,NA,NA,NA,"E: Uncertainty",NA
"2022-09-23 11:00:00","PM10",NA,405.7546,0,268.0662,1074.288,160.3158,376.8389,21.9923,0,1.6302,7.5532,305.5012,0,NA,6.4987,18.9289,0,0,0.664,0,0.9302,2.0919,0,0,0,NA,NA,0,0,0,0,0,NA,0,0,0,0,0,1.3737,0,"E: Uncertainty",NA,NA,NA,NA,NA,NA,NA,NA,NA,NA,NA,NA,"E: Uncertainty",NA,NA,NA,NA,NA,NA,NA,NA,NA,NA,NA,"E: Uncertainty","E: Uncertainty",NA,NA,NA,NA,NA,"E: Uncertainty",NA,NA,NA,NA,NA,NA,NA
"2022-09-23 12:00:00","PM2.5",610.7551,0,0,245.4251,288.6379,26.6806,57.0546,2.1736,0,NA,NA,71.4959,NA,0,4.2283,6.9413,0,0,0,0,0.6834,NA,0,0,0,13.4862,0,NA,0,NA,0,0,NA,0,0,0,0,0,1.7116,0,NA,NA,NA,NA,NA,NA,NA,NA,NA,"E: Uncertainty","E: Uncertainty",NA,"E: Uncertainty",NA,NA,NA,NA,NA,NA,NA,NA,"E: Uncertainty",NA,NA,NA,NA,NA,"E: Uncertainty",NA,"E: Uncertainty",NA,NA,"E: Uncertainty",NA,NA,NA,NA,NA,NA,NA
"2022-09-23 13:00:00","PM10",NA,NA,0,279.361,986.2538,118.2131,272.6849,6.6984,NA,NA,2.5066,229.9609,0,0,5.9609,16.2293,0,0,NA,0,1.4042,NA,0,0,0,14.2591,0,NA,0,0,NA,NA,NA,0,NA,0,0,0,4.5416,0,"E: Uncertainty","E: Uncertainty",NA,NA,NA,NA,NA,NA,"E: Uncertainty","E: Uncertainty",NA,NA,NA,NA,NA,NA,NA,NA,"E: Uncertainty",NA,NA,"E: Uncertainty",NA,NA,NA,NA,NA,"E: Uncertainty",NA,NA,"E: Uncertainty","E: Uncertainty","E: Uncertainty",NA,"E: Uncertainty",NA,NA,NA,NA,NA
"2022-09-23 14:00:00","PM2.5",NA,0,0,204.5052,139.4111,27.6739,46.9702,2.7296,0,0,NA,83.4586,NA,0,2.9791,14.037,0,0,0.3852,NA,2.1258,NA,0,0,0,NA,NA,0,0,0,NA,0,0,0,0,0,0,0,4.8277,0,"E: Uncertainty",NA,NA,NA,NA,NA,NA,NA,NA,NA,"E: Uncertainty",NA,"E: Uncertainty",NA,NA,NA,NA,NA,NA,"E: Uncertainty",NA,"E: Uncertainty",NA,NA,NA,"E: Uncertainty","E: Uncertainty",NA,NA,NA,"E: Uncertainty",NA,NA,NA,NA,NA,NA,NA,NA,NA
"2022-09-23 15:00:00","PM10",0,NA,0,265.8204,756.0988,81.3397,281.3548,7.108,0,1.9742,1.8803,279.3382,0,NA,8.1906,14.5938,0,0,1.0163,NA,1.3488,NA,0,NA,0,12.3195,NA,0,0,NA,NA,0,4.1144,0,0,0,0,0,0.8663,0,NA,"E: Uncertainty",NA,NA,NA,NA,NA,NA,NA,NA,NA,NA,NA,"E: Uncertainty",NA,NA,NA,NA,NA,"E: Uncertainty",NA,"E: Uncertainty",NA,"E: Uncertainty",NA,NA,"E: Uncertainty",NA,NA,"E: Uncertainty","E: Uncertainty",NA,NA,NA,NA,NA,NA,NA,NA,NA
"2022-09-23 16:00:00","PM2.5",NA,0,0,214.786,72.7191,33.494,83.217,1.4836,0,NA,NA,115.2687,0,NA,4.4255,6.4865,0,0,0.6863,0,1.207,NA,0,0,0,12.01,0,NA,0,NA,0,NA,NA,0,0,0,0,0,0.7867,0,"E: Uncertainty",NA,NA,NA,NA,NA,NA,NA,NA,"E: Uncertainty","E: Uncertainty",NA,NA,"E: Uncertainty",NA,NA,NA,NA,NA,NA,NA,"E: Uncertainty",NA,NA,NA,NA,NA,"E: Uncertainty",NA,"E: Uncertainty",NA,"E: Uncertainty","E: Uncertainty",NA,NA,NA,NA,NA,NA,NA
"2022-09-23 17:00:00","PM10",NA,NA,0,303.3385,522.0948,77.0939,339.2207,8.0333,0,1.7506,2.4818,376.5427,0,NA,10.3168,12.0298,0,0,0.8867,NA,1.6393,NA,0,NA,0,15.3069,NA,0,0,0,NA,NA,5.283,0,0,0,0,0,0.9463,0,"E: Uncertainty","E: Uncertainty",NA,NA,NA,NA,NA,NA,NA,NA,NA,NA,NA,"E: Uncertainty",NA,NA,NA,NA,NA,"E: Uncertainty",NA,"E: Uncertainty",NA,"E: Uncertainty",NA,NA,"E: Uncertainty",NA,NA,NA,"E: Uncertainty","E: Uncertainty",NA,NA,NA,NA,NA,NA,NA,NA
"2022-09-23 18:00:00","PM2.5",NA,0,0,238.7981,90.8966,37.0652,34.4153,2.1671,0,NA,NA,143.8439,0,0,4.3497,11.2348,0,0,0,NA,1.7819,NA,0,NA,0,9.8805,0,NA,0,NA,NA,NA,NA,0,0,0,0,0,1.6931,0,"E: Uncertainty",NA,NA,NA,NA,NA,NA,NA,NA,"E: Uncertainty","E: Uncertainty",NA,NA,NA,NA,NA,NA,NA,NA,"E: Uncertainty",NA,"E: Uncertainty",NA,"E: Uncertainty",NA,NA,NA,"E: Uncertainty",NA,"E: Uncertainty","E: Uncertainty","E: Uncertainty","E: Uncertainty",NA,NA,NA,NA,NA,NA,NA
"2022-09-23 19:00:00","PM10",NA,NA,0,680.905,789.8094,101.0295,208.4958,8.0205,0.9699,0.9986,1.6238,330.478,0,0.6131,10.2923,32.4167,0,0,1.1485,1.9536,7.2259,NA,0,0,0,11.1528,0,0,0,NA,0,0,4.4105,0,0,0,0,0,6.5572,0,"E: Uncertainty","E: Uncertainty",NA,NA,NA,NA,NA,NA,NA,NA,NA,NA,NA,NA,NA,NA,NA,NA,NA,NA,NA,"E: Uncertainty",NA,NA,NA,NA,NA,NA,NA,"E: Uncertainty",NA,NA,NA,NA,NA,NA,NA,NA,NA,NA
"2022-09-23 20:00:00","PM2.5",783.1404,0,NA,852.749,NA,41.6702,40.1268,2.139,1.0319,0,NA,92.2706,0,0.6911,5.1013,23.3599,0,0,1.6637,2.5125,1.8003,NA,0,0,0,NA,0,NA,0,0,NA,NA,NA,0,0,0,0,0,2.9116,0,NA,NA,"E: Uncertainty",NA,"E: Uncertainty",NA,NA,NA,NA,NA,"E: Uncertainty",NA,NA,NA,NA,NA,NA,NA,NA,NA,NA,"E: Uncertainty",NA,NA,NA,"E: Uncertainty",NA,"E: Uncertainty",NA,NA,"E: Uncertainty","E: Uncertainty","E: Uncertainty",NA,NA,NA,NA,NA,NA,NA
"2022-09-23 21:00:00","PM10",738.3737,0,0,656.4673,844.2533,61.6125,147.0372,2.9664,NA,NA,0.9632,209.4509,0,0.8163,7.3702,10.3812,0,0,0.8609,2.8574,1.6205,NA,0,NA,0,16.7888,NA,0,0,0,NA,NA,NA,0,0,0,0,0,2.3891,0,NA,NA,NA,NA,NA,NA,NA,NA,"E: Uncertainty","E: Uncertainty",NA,NA,NA,NA,NA,NA,NA,NA,NA,NA,NA,"E: Uncertainty",NA,"E: Uncertainty",NA,NA,"E: Uncertainty",NA,NA,NA,"E: Uncertainty","E: Uncertainty","E: Uncertainty",NA,NA,NA,NA,NA,NA,NA
"2022-09-23 22:00:00","PM2.5",746.5034,0,NA,419.4982,69.2829,33.161,32.0216,1.4357,NA,0,NA,69.862,0,NA,3.2766,16.0773,0,0,0.4808,1.1064,2.0495,0,0,0,0,11.971,0,NA,0,0,0,NA,NA,0,0,0,0,0,3.7495,0,NA,NA,"E: Uncertainty",NA,NA,NA,NA,NA,"E: Uncertainty",NA,"E: Uncertainty",NA,NA,"E: Uncertainty",NA,NA,NA,NA,NA,NA,NA,NA,NA,NA,NA,NA,NA,"E: Uncertainty",NA,NA,NA,"E: Uncertainty","E: Uncertainty",NA,NA,NA,NA,NA,NA,NA
"2022-09-23 23:00:00","PM10",NA,NA,0,434.3927,765.6474,69.6374,130.0488,5.0592,NA,NA,0,190.6027,NA,NA,7.0832,17.9806,0,0,0.9391,0.791,1.8474,NA,0,0,0,NA,0,NA,0,NA,NA,NA,NA,0,0,0,0,0,4.3997,0,"E: Uncertainty","E: Uncertainty",NA,NA,NA,NA,NA,NA,"E: Uncertainty","E: Uncertainty",NA,NA,"E: Uncertainty","E: Uncertainty",NA,NA,NA,NA,NA,NA,NA,"E: Uncertainty",NA,NA,NA,"E: Uncertainty",NA,"E: Uncertainty",NA,"E: Uncertainty","E: Uncertainty","E: Uncertainty","E: Uncertainty",NA,NA,NA,NA,NA,NA,NA
"2022-09-24 00:30:00","PM2.5",NA,0,0,321.222,67.044,48.4133,34.4105,NA,NA,NA,0.0122,55.5708,0,NA,3.1779,20.0079,0,0,2.281,0,2.3212,NA,0,0,0,38.7663,0,0,0,NA,NA,0,0,0,0,0,0,0,4.9275,0,"E: Uncertainty",NA,NA,NA,NA,NA,NA,"E: Uncertainty","E: Uncertainty","E: Uncertainty",NA,NA,NA,"E: Uncertainty",NA,NA,NA,NA,NA,NA,NA,"E: Uncertainty",NA,NA,NA,NA,NA,NA,NA,"E: Uncertainty","E: Uncertainty",NA,NA,NA,NA,NA,NA,NA,NA,NA
"2022-09-24 01:00:00","PM10",NA,0,0,397.4962,713.5647,158.0235,121.3726,7.2426,NA,NA,0.7906,156.5652,0,NA,9.2134,23.884,0,0,1.6534,0.6938,3.4215,2.694,0,0,0,17.0065,NA,NA,0,NA,NA,0,4.6591,0,0,0,0,0,7.3161,0,"E: Uncertainty",NA,NA,NA,NA,NA,NA,NA,"E: Uncertainty","E: Uncertainty",NA,NA,NA,"E: Uncertainty",NA,NA,NA,NA,NA,NA,NA,NA,NA,NA,NA,NA,"E: Uncertainty","E: Uncertainty",NA,"E: Uncertainty","E: Uncertainty",NA,NA,NA,NA,NA,NA,NA,NA,NA
"2022-09-24 02:00:00","PM2.5",NA,0,NA,336.7328,26.7576,229.8636,15.2809,NA,0,0,NA,35.3481,NA,0,4.4576,14.9837,0,0,1.2078,1.2146,2.4874,4.8051,0,0,0,11.369,0,NA,0,NA,NA,NA,6.8801,0,0,0,0,0,3.5176,0,"E: Uncertainty",NA,"E: Uncertainty",NA,NA,NA,NA,"E: Uncertainty",NA,NA,"E: Uncertainty",NA,"E: Uncertainty",NA,NA,NA,NA,NA,NA,NA,NA,NA,NA,NA,NA,NA,NA,"E: Uncertainty",NA,"E: Uncertainty","E: Uncertainty","E: Uncertainty",NA,NA,NA,NA,NA,NA,NA,NA
"2022-09-24 03:00:00","PM10",NA,0,0,362.7888,470.2354,220.5147,121.1726,3.0567,0,NA,NA,87.6631,0,NA,6.7358,16.3706,0,0,0.9502,1.3072,2.9011,3.6818,0,0,0,NA,NA,NA,0,NA,0,NA,4.3992,0,0,0,0,0,3.8812,0,"E: Uncertainty",NA,NA,NA,NA,NA,NA,NA,NA,"E: Uncertainty","E: Uncertainty",NA,NA,"E: Uncertainty",NA,NA,NA,NA,NA,NA,NA,NA,NA,NA,NA,"E: Uncertainty","E: Uncertainty","E: Uncertainty",NA,"E: Uncertainty",NA,"E: Uncertainty",NA,NA,NA,NA,NA,NA,NA,NA
"2022-09-24 04:00:00","PM2.5",NA,0,0,256.4145,94.2494,134.7878,22.9985,1.279,0,0,0,29.0399,NA,0,3.4469,12.3852,0,0,2.2315,0.5258,1.2791,NA,0,0,0,17.3147,NA,NA,0,NA,NA,NA,NA,0,0,0,0,0,NA,0,"E: Uncertainty",NA,NA,NA,NA,NA,NA,NA,NA,NA,NA,NA,"E: Uncertainty",NA,NA,NA,NA,NA,NA,NA,NA,"E: Uncertainty",NA,NA,NA,NA,"E: Uncertainty","E: Uncertainty",NA,"E: Uncertainty","E: Uncertainty","E: Uncertainty","E: Uncertainty",NA,NA,NA,NA,NA,"E: Uncertainty",NA
"2022-09-24 05:00:00","PM10",NA,0,0,248.3568,842.0494,132.3145,145.0206,4.3502,0,NA,NA,114.6499,0,0,5.0945,17.2659,0,0,0.8241,NA,1.7687,1.9976,0,0,0,NA,NA,0,0,0,NA,0,NA,0,0,0,0,0,2.1048,0,"E: Uncertainty",NA,NA,NA,NA,NA,NA,NA,NA,"E: Uncertainty","E: Uncertainty",NA,NA,NA,NA,NA,NA,NA,NA,"E: Uncertainty",NA,NA,NA,NA,NA,"E: Uncertainty","E: Uncertainty",NA,NA,NA,"E: Uncertainty",NA,"E: Uncertainty",NA,NA,NA,NA,NA,NA,NA
"2022-09-24 06:00:00","PM2.5",607.1073,0,NA,191.3558,228.3088,88.8078,52.5165,3.0029,0,NA,NA,66.0771,0,0,3.3662,39.2575,0,0,1.0348,NA,1.4839,NA,0,0,0,11.0113,0,0,0,NA,0,0,NA,0,0,0,0,0,2.9195,0,NA,NA,"E: Uncertainty",NA,NA,NA,NA,NA,NA,"E: Uncertainty","E: Uncertainty",NA,NA,NA,NA,NA,NA,NA,NA,"E: Uncertainty",NA,"E: Uncertainty",NA,NA,NA,NA,NA,NA,NA,"E: Uncertainty",NA,NA,"E: Uncertainty",NA,NA,NA,NA,NA,NA,NA
"2022-09-24 07:00:00","PM10",NA,0,0,263.3648,1247.6216,112.4935,188.9818,7.0305,0,0.7725,1.8587,247.1653,NA,0,11.1871,48.1094,0,0,1.5387,NA,2.6798,NA,0,NA,0,NA,0.1182,NA,0,0,NA,NA,4.7374,0,0,0,0,0,3.6952,0,"E: Uncertainty",NA,NA,NA,NA,NA,NA,NA,NA,NA,NA,NA,"E: Uncertainty",NA,NA,NA,NA,NA,NA,"E: Uncertainty",NA,"E: Uncertainty",NA,"E: Uncertainty",NA,"E: Uncertainty",NA,"E: Uncertainty",NA,NA,"E: Uncertainty","E: Uncertainty",NA,NA,NA,NA,NA,NA,NA,NA
"2022-09-24 08:00:00","PM2.5",NA,0,NA,161.1819,450.7667,45.0112,48.633,NA,0,NA,1.4629,98.2906,0,0,6.1707,19.7221,0,0,0.5139,NA,1.3094,NA,0,0,0,13.067,NA,NA,0,0,0,NA,NA,0,0,0,0,0,2.3304,0,"E: Uncertainty",NA,"E: Uncertainty",NA,NA,NA,NA,"E: Uncertainty",NA,"E: Uncertainty",NA,NA,NA,NA,NA,NA,NA,NA,NA,"E: Uncertainty",NA,"E: Uncertainty",NA,NA,NA,NA,"E: Uncertainty","E: Uncertainty",NA,NA,NA,"E: Uncertainty","E: Uncertainty",NA,NA,NA,NA,NA,NA,NA
"2022-09-24 09:00:00","PM10",NA,0,0,186.2159,1428.7004,75.4551,177.082,6.6649,0,NA,1.7706,187.8803,0,0,5.9045,12.0367,0,0,1.7745,NA,1.8776,NA,0,0,0,NA,0,0,0,NA,NA,NA,NA,0,0,0,0,0,10.3408,0,"E: Uncertainty",NA,NA,NA,NA,NA,NA,NA,NA,"E: Uncertainty",NA,NA,NA,NA,NA,NA,NA,NA,NA,"E: Uncertainty",NA,"E: Uncertainty",NA,NA,NA,"E: Uncertainty",NA,NA,NA,"E: Uncertainty","E: Uncertainty","E: Uncertainty","E: Uncertainty",NA,NA,NA,NA,NA,NA,NA
"2022-09-24 10:00:00","PM2.5",NA,0,0,147.2092,373.1932,40.5969,41.3575,1.0954,NA,0,NA,78.4513,NA,0.0024,2.8803,8.4377,0,0,0.3629,0,1.1044,0,0,0,0,NA,0,0,0,0,NA,NA,NA,0,0,0,0,0,4.9078,0,"E: Uncertainty",NA,NA,NA,NA,NA,NA,NA,"E: Uncertainty",NA,"E: Uncertainty",NA,"E: Uncertainty",NA,NA,NA,NA,NA,NA,NA,NA,NA,NA,NA,NA,"E: Uncertainty",NA,NA,NA,NA,"E: Uncertainty","E: Uncertainty","E: Uncertainty",NA,NA,NA,NA,NA,NA,NA
"2022-09-24 11:00:00","PM10",NA,NA,0,237.9481,1033.3534,75.7025,181.7895,5.7736,0,0.8163,1.4133,194.0258,NA,NA,6.3384,21.9233,0,0,1.8457,NA,1.6686,1.7194,0,0,0,12.7213,NA,0,0,0,NA,NA,NA,0,0,0,0,0,12.9222,0,"E: Uncertainty","E: Uncertainty",NA,NA,NA,NA,NA,NA,NA,NA,NA,NA,"E: Uncertainty","E: Uncertainty",NA,NA,NA,NA,NA,"E: Uncertainty",NA,NA,NA,NA,NA,NA,"E: Uncertainty",NA,NA,NA,"E: Uncertainty","E: Uncertainty","E: Uncertainty",NA,NA,NA,NA,NA,NA,NA
"2022-09-24 12:00:00","PM2.5",NA,0,0,277.9472,62.451,34.0688,35.8364,NA,0,0,NA,65.7255,0,0,2.3463,6.3725,0,0,0.6976,NA,1.9361,NA,0,0,0,18.9843,NA,NA,0,NA,NA,NA,NA,0,0,0,0,0,3.9803,0,"E: Uncertainty",NA,NA,NA,NA,NA,NA,"E: Uncertainty",NA,NA,"E: Uncertainty",NA,NA,NA,NA,NA,NA,NA,NA,"E: Uncertainty",NA,"E: Uncertainty",NA,NA,NA,NA,"E: Uncertainty","E: Uncertainty",NA,"E: Uncertainty","E: Uncertainty","E: Uncertainty","E: Uncertainty",NA,NA,NA,NA,NA,NA,NA
"2022-09-24 13:00:00","PM10",NA,NA,0,365.7051,288.1667,71.251,200.219,4.9714,NA,0.9666,2.5629,227.8985,0,0,5.9629,7.1922,0,0,NA,0,2.7496,NA,0,0,0,10.9191,NA,0,0,NA,0,NA,NA,0,0,0,0,0,6.3382,0,"E: Uncertainty","E: Uncertainty",NA,NA,NA,NA,NA,NA,"E: Uncertainty",NA,NA,NA,NA,NA,NA,NA,NA,NA,"E: Uncertainty",NA,NA,"E: Uncertainty",NA,NA,NA,NA,"E: Uncertainty",NA,NA,"E: Uncertainty",NA,"E: Uncertainty","E: Uncertainty",NA,NA,NA,NA,NA,NA,NA
"2022-09-24 14:00:00","PM2.5",NA,NA,NA,NA,NA,NA,NA,NA,NA,NA,NA,NA,NA,NA,NA,NA,NA,NA,NA,NA,NA,NA,NA,NA,NA,NA,NA,NA,NA,NA,NA,NA,NA,NA,NA,NA,NA,NA,NA,NA,"E: Uncertainty","E: Erroneous Data","E: Erroneous Data","E: Erroneous Data","E: Erroneous Data","E: Erroneous Data","E: Erroneous Data","E: Erroneous Data","E: Uncertainty","E: Erroneous Data","E: Erroneous Data","E: Erroneous Data","E: Erroneous Data","E: Uncertainty","E: Erroneous Data","E: Erroneous Data","E: Erroneous Data","E: Erroneous Data","E: Erroneous Data","E: Uncertainty","E: Erroneous Data","E: Uncertainty","E: Erroneous Data","E: Erroneous Data","E: Erroneous Data","E: Erroneous Data","E: Erroneous Data","E: Uncertainty","E: Erroneous Data","E: Erroneous Data","E: Uncertainty","E: Uncertainty","E: Uncertainty","E: Erroneous Data","E: Erroneous Data","E: Erroneous Data","E: Erroneous Data","E: Erroneous Data","E: Erroneous Data","E: Erroneous Data"
"2022-09-24 15:00:00","PM10",NA,NA,NA,NA,NA,NA,NA,NA,NA,NA,NA,NA,NA,NA,NA,NA,NA,NA,NA,NA,NA,NA,NA,NA,NA,NA,NA,NA,NA,NA,NA,NA,NA,NA,NA,NA,NA,NA,NA,NA,"E: Erroneous Data","E: Uncertainty","E: Erroneous Data","E: Erroneous Data","E: Erroneous Data","E: Erroneous Data","E: Erroneous Data","E: Erroneous Data","E: Uncertainty","E: Erroneous Data","E: Erroneous Data","E: Erroneous Data","E: Erroneous Data","E: Uncertainty","E: Erroneous Data","E: Erroneous Data","E: Erroneous Data","E: Erroneous Data","E: Erroneous Data","E: Uncertainty","E: Erroneous Data","E: Uncertainty","E: Erroneous Data","E: Uncertainty","E: Erroneous Data","E: Erroneous Data","E: Uncertainty","E: Uncertainty","E: Erroneous Data","E: Erroneous Data","E: Uncertainty","E: Erroneous Data","E: Erroneous Data","E: Erroneous Data","E: Erroneous Data","E: Erroneous Data","E: Erroneous Data","E: Erroneous Data","E: Erroneous Data","E: Erroneous Data"
"2022-09-24 16:00:00","PM2.5",NA,NA,NA,NA,NA,NA,NA,NA,NA,NA,NA,NA,NA,NA,NA,NA,NA,NA,NA,NA,NA,NA,NA,NA,NA,NA,NA,NA,NA,NA,NA,NA,NA,NA,NA,NA,NA,NA,NA,NA,"E: Uncertainty","E: Erroneous Data","E: Erroneous Data","E: Erroneous Data","E: Erroneous Data","E: Erroneous Data","E: Erroneous Data","E: Erroneous Data","E: Erroneous Data","E: Erroneous Data","E: Erroneous Data","E: Erroneous Data","E: Erroneous Data","E: Uncertainty","E: Erroneous Data","E: Erroneous Data","E: Erroneous Data","E: Erroneous Data","E: Erroneous Data","E: Uncertainty","E: Erroneous Data","E: Uncertainty","E: Erroneous Data","E: Erroneous Data","E: Erroneous Data","E: Erroneous Data","E: Uncertainty","E: Uncertainty","E: Erroneous Data","E: Erroneous Data","E: Erroneous Data","E: Uncertainty","E: Erroneous Data","E: Erroneous Data","E: Erroneous Data","E: Erroneous Data","E: Erroneous Data","E: Erroneous Data","E: Erroneous Data","E: Erroneous Data"
"2022-09-24 17:00:00","PM10",NA,270.666,0,275.0451,439.2531,88.6037,280.6174,12.2163,0,1.6478,3.5582,327.6927,NA,NA,6.7396,10.992,0,0,NA,NA,1.6924,NA,0,0,0,NA,NA,NA,0,NA,NA,0,NA,0,0,0,0,0,4.3852,0,"E: Uncertainty",NA,NA,NA,NA,NA,NA,NA,NA,NA,NA,NA,"E: Uncertainty","E: Uncertainty",NA,NA,NA,NA,"E: Uncertainty","E: Uncertainty",NA,"E: Uncertainty",NA,NA,NA,"E: Uncertainty","E: Uncertainty","E: Uncertainty",NA,"E: Uncertainty","E: Uncertainty",NA,"E: Uncertainty",NA,NA,NA,NA,NA,NA,NA
"2022-09-24 18:00:00","PM2.5",NA,NA,NA,NA,NA,NA,NA,NA,NA,NA,NA,NA,NA,NA,NA,NA,NA,NA,NA,NA,NA,NA,NA,NA,NA,NA,NA,NA,NA,NA,NA,NA,NA,NA,NA,NA,NA,NA,NA,NA,"E: Erroneous Data","E: Erroneous Data","E: Erroneous Data","E: Erroneous Data","E: Erroneous Data","E: Erroneous Data","E: Erroneous Data","E: Uncertainty","E: Erroneous Data","E: Uncertainty","E: Erroneous Data","E: Erroneous Data","E: Erroneous Data","E: Erroneous Data","E: Erroneous Data","E: Erroneous Data","E: Erroneous Data","E: Erroneous Data","E: Erroneous Data","E: Uncertainty","E: Erroneous Data","E: Uncertainty","E: Erroneous Data","E: Erroneous Data","E: Erroneous Data","E: Uncertainty","E: Uncertainty","E: Erroneous Data","E: Erroneous Data","E: Erroneous Data","E: Uncertainty","E: Uncertainty","E: Uncertainty","E: Erroneous Data","E: Erroneous Data","E: Erroneous Data","E: Erroneous Data","E: Erroneous Data","E: Erroneous Data","E: Erroneous Data"
"2022-09-24 19:00:00","PM10",NA,NA,NA,NA,NA,NA,NA,NA,NA,NA,NA,NA,NA,NA,NA,NA,NA,NA,NA,NA,NA,NA,NA,NA,NA,NA,NA,NA,NA,NA,NA,NA,NA,NA,NA,NA,NA,NA,NA,NA,"E: Erroneous Data","E: Uncertainty","E: Erroneous Data","E: Erroneous Data","E: Erroneous Data","E: Erroneous Data","E: Erroneous Data","E: Erroneous Data","E: Erroneous Data","E: Uncertainty","E: Erroneous Data","E: Erroneous Data","E: Erroneous Data","E: Erroneous Data","E: Erroneous Data","E: Erroneous Data","E: Erroneous Data","E: Erroneous Data","E: Erroneous Data","E: Uncertainty","E: Erroneous Data","E: Uncertainty","E: Erroneous Data","E: Erroneous Data","E: Erroneous Data","E: Uncertainty","E: Uncertainty","E: Erroneous Data","E: Erroneous Data","E: Uncertainty","E: Uncertainty","E: Uncertainty","E: Erroneous Data","E: Erroneous Data","E: Erroneous Data","E: Erroneous Data","E: Erroneous Data","E: Erroneous Data","E: Erroneous Data","E: Erroneous Data"
"2022-09-24 20:00:00","PM2.5",NA,NA,NA,NA,NA,NA,NA,NA,NA,NA,NA,NA,NA,NA,NA,NA,NA,NA,NA,NA,NA,NA,NA,NA,NA,NA,NA,NA,NA,NA,NA,NA,NA,NA,NA,NA,NA,NA,NA,NA,"E: Uncertainty","E: Erroneous Data","E: Erroneous Data","E: Erroneous Data","E: Erroneous Data","E: Erroneous Data","E: Erroneous Data","E: Uncertainty","E: Erroneous Data","E: Uncertainty","E: Uncertainty","E: Erroneous Data","E: Uncertainty","E: Erroneous Data","E: Erroneous Data","E: Erroneous Data","E: Erroneous Data","E: Erroneous Data","E: Erroneous Data","E: Uncertainty","E: Erroneous Data","E: Uncertainty","E: Erroneous Data","E: Erroneous Data","E: Erroneous Data","E: Erroneous Data","E: Erroneous Data","E: Erroneous Data","E: Erroneous Data","E: Erroneous Data","E: Erroneous Data","E: Uncertainty","E: Uncertainty","E: Erroneous Data","E: Erroneous Data","E: Erroneous Data","E: Erroneous Data","E: Erroneous Data","E: Erroneous Data","E: Erroneous Data"
"2022-09-24 21:00:00","PM10",NA,NA,NA,NA,NA,NA,NA,NA,NA,NA,NA,NA,NA,NA,NA,NA,NA,NA,NA,NA,NA,NA,NA,NA,NA,NA,NA,NA,NA,NA,NA,NA,NA,NA,NA,NA,NA,NA,NA,NA,"E: Erroneous Data","E: Uncertainty","E: Erroneous Data","E: Erroneous Data","E: Erroneous Data","E: Erroneous Data","E: Erroneous Data","E: Erroneous Data","E: Erroneous Data","E: Erroneous Data","E: Erroneous Data","E: Erroneous Data","E: Erroneous Data","E: Uncertainty","E: Erroneous Data","E: Erroneous Data","E: Erroneous Data","E: Erroneous Data","E: Erroneous Data","E: Uncertainty","E: Erroneous Data","E: Erroneous Data","E: Erroneous Data","E: Uncertainty","E: Erroneous Data","E: Erroneous Data","E: Erroneous Data","E: Uncertainty","E: Erroneous Data","E: Uncertainty","E: Uncertainty","E: Uncertainty","E: Erroneous Data","E: Erroneous Data","E: Erroneous Data","E: Erroneous Data","E: Erroneous Data","E: Erroneous Data","E: Erroneous Data","E: Erroneous Data"
"2022-09-24 22:00:00","PM2.5",NA,NA,NA,NA,NA,NA,NA,NA,NA,NA,NA,NA,NA,NA,NA,NA,NA,NA,NA,NA,NA,NA,NA,NA,NA,NA,NA,NA,NA,NA,NA,NA,NA,NA,NA,NA,NA,NA,NA,NA,"E: Erroneous Data","E: Erroneous Data","E: Uncertainty","E: Erroneous Data","E: Erroneous Data","E: Erroneous Data","E: Erroneous Data","E: Erroneous Data","E: Erroneous Data","E: Erroneous Data","E: Erroneous Data","E: Erroneous Data","E: Erroneous Data","E: Erroneous Data","E: Erroneous Data","E: Erroneous Data","E: Erroneous Data","E: Erroneous Data","E: Erroneous Data","E: Erroneous Data","E: Erroneous Data","E: Erroneous Data","E: Erroneous Data","E: Erroneous Data","E: Erroneous Data","E: Uncertainty","E: Erroneous Data","E: Erroneous Data","E: Erroneous Data","E: Erroneous Data","E: Uncertainty","E: Uncertainty","E: Erroneous Data","E: Erroneous Data","E: Erroneous Data","E: Erroneous Data","E: Erroneous Data","E: Erroneous Data","E: Erroneous Data","E: Erroneous Data"
"2022-09-24 23:00:00","PM10",NA,NA,NA,NA,NA,NA,NA,NA,NA,NA,NA,NA,NA,NA,NA,NA,NA,NA,NA,NA,NA,NA,NA,NA,NA,NA,NA,NA,NA,NA,NA,NA,NA,NA,NA,NA,NA,NA,NA,NA,"E: Erroneous Data","E: Uncertainty","E: Erroneous Data","E: Erroneous Data","E: Erroneous Data","E: Erroneous Data","E: Erroneous Data","E: Erroneous Data","E: Erroneous Data","E: Erroneous Data","E: Erroneous Data","E: Erroneous Data","E: Erroneous Data","E: Uncertainty","E: Erroneous Data","E: Erroneous Data","E: Erroneous Data","E: Erroneous Data","E: Erroneous Data","E: Uncertainty","E: Erroneous Data","E: Erroneous Data","E: Erroneous Data","E: Erroneous Data","E: Erroneous Data","E: Erroneous Data","E: Uncertainty","E: Uncertainty","E: Uncertainty","E: Erroneous Data","E: Uncertainty","E: Uncertainty","E: Uncertainty","E: Erroneous Data","E: Erroneous Data","E: Erroneous Data","E: Erroneous Data","E: Erroneous Data","E: Erroneous Data","E: Erroneous Data"
"2022-09-25 00:30:00","PM2.5",NA,0,0,227.9797,358.8686,70.8284,30.2838,2.3095,0,NA,0,101.3123,0,0,4.4534,15.5258,0,0,0,1.1345,4.2607,NA,0,0,0,0,NA,0,0,NA,NA,0,0,0,0,0,0,0,6.0302,0,"E: Uncertainty",NA,NA,NA,NA,NA,NA,NA,NA,"E: Uncertainty",NA,NA,NA,NA,NA,NA,NA,NA,NA,NA,NA,"E: Uncertainty",NA,NA,NA,NA,"E: Uncertainty",NA,NA,"E: Uncertainty","E: Uncertainty",NA,NA,NA,NA,NA,NA,NA,NA,NA
"2022-09-25 01:00:00","PM10",NA,NA,NA,NA,NA,NA,NA,NA,NA,NA,NA,NA,NA,NA,NA,NA,NA,NA,NA,NA,NA,NA,NA,NA,NA,NA,NA,NA,NA,NA,NA,NA,NA,NA,NA,NA,NA,NA,NA,NA,"E: Erroneous Data","E: Erroneous Data","E: Erroneous Data","E: Erroneous Data","E: Erroneous Data","E: Erroneous Data","E: Erroneous Data","E: Erroneous Data","E: Erroneous Data","E: Uncertainty","E: Erroneous Data","E: Erroneous Data","E: Erroneous Data","E: Erroneous Data","E: Erroneous Data","E: Erroneous Data","E: Erroneous Data","E: Erroneous Data","E: Erroneous Data","E: Erroneous Data","E: Erroneous Data","E: Uncertainty","E: Erroneous Data","E: Erroneous Data","E: Erroneous Data","E: Erroneous Data","E: Erroneous Data","E: Erroneous Data","E: Erroneous Data","E: Uncertainty","E: Erroneous Data","E: Uncertainty","E: Erroneous Data","E: Erroneous Data","E: Erroneous Data","E: Erroneous Data","E: Erroneous Data","E: Erroneous Data","E: Erroneous Data","E: Erroneous Data"
"2022-09-25 02:00:00","PM2.5",NA,NA,NA,NA,NA,NA,NA,NA,NA,NA,NA,NA,NA,NA,NA,NA,NA,NA,NA,NA,NA,NA,NA,NA,NA,NA,NA,NA,NA,NA,NA,NA,NA,NA,NA,NA,NA,NA,NA,NA,"E: Uncertainty","E: Erroneous Data","E: Erroneous Data","E: Erroneous Data","E: Erroneous Data","E: Erroneous Data","E: Erroneous Data","E: Erroneous Data","E: Erroneous Data","E: Erroneous Data","E: Erroneous Data","E: Erroneous Data","E: Erroneous Data","E: Erroneous Data","E: Erroneous Data","E: Erroneous Data","E: Erroneous Data","E: Erroneous Data","E: Erroneous Data","E: Erroneous Data","E: Erroneous Data","E: Uncertainty","E: Erroneous Data","E: Erroneous Data","E: Erroneous Data","E: Uncertainty","E: Erroneous Data","E: Erroneous Data","E: Uncertainty","E: Uncertainty","E: Uncertainty","E: Uncertainty","E: Uncertainty","E: Erroneous Data","E: Erroneous Data","E: Erroneous Data","E: Erroneous Data","E: Erroneous Data","E: Erroneous Data","E: Erroneous Data"
"2022-09-25 03:00:00","PM10",NA,NA,0,305.3576,902.8555,114.8105,82.1417,4.645,NA,0,NA,125.5347,0,0,6.2933,47.2791,0,0,1.0497,0.8202,16.2362,NA,0,0,0,17.9361,0,0,0,NA,NA,0,NA,0,NA,0,0,0,12.2006,0,"E: Uncertainty","E: Uncertainty",NA,NA,NA,NA,NA,NA,"E: Uncertainty",NA,"E: Uncertainty",NA,NA,NA,NA,NA,NA,NA,NA,NA,NA,"E: Uncertainty",NA,NA,NA,NA,NA,NA,NA,"E: Uncertainty","E: Uncertainty",NA,"E: Uncertainty",NA,"E: Uncertainty",NA,NA,NA,NA,NA
"2022-09-25 04:00:00","PM2.5",NA,0,0,309.7356,76.9704,93.5841,15.932,1.7696,0,NA,0,41.4961,0,0,2.4672,16.5331,0,0,1.7829,1.4322,5.3446,NA,0,0,0,11.7967,0.0584,NA,0,0.0141,NA,NA,0,0,NA,0,0,0,7.8603,0,"E: Uncertainty",NA,NA,NA,NA,NA,NA,NA,NA,"E: Uncertainty",NA,NA,NA,NA,NA,NA,NA,NA,NA,NA,NA,"E: Uncertainty",NA,NA,NA,NA,NA,"E: Uncertainty",NA,NA,"E: Uncertainty","E: Uncertainty",NA,NA,"E: Uncertainty",NA,NA,NA,NA,NA
"2022-09-25 05:00:00","PM10",NA,0,0.1241,340.3052,407.6244,91.5244,62.7087,2.5457,0,NA,NA,135.4472,0,0,4.5897,11.8603,0,0,1.5852,1.2549,3.3453,NA,0,0,0,NA,0,NA,0,0,NA,NA,3.3304,0,0,0,0,0,5.1867,0,"E: Uncertainty",NA,NA,NA,NA,NA,NA,NA,NA,"E: Uncertainty","E: Uncertainty",NA,NA,NA,NA,NA,NA,NA,NA,NA,NA,"E: Uncertainty",NA,NA,NA,"E: Uncertainty",NA,"E: Uncertainty",NA,NA,"E: Uncertainty","E: Uncertainty",NA,NA,NA,NA,NA,NA,NA,NA
"2022-09-25 06:00:00","PM2.5",638.8491,366.1361,0,352.1022,77.6223,91.7596,995.6375,2.3326,0,0.6998,3.3379,99.4058,0,0,860.8104,783.2985,0,0,3.8677,0.662,3.6727,NA,0,0,0,22.4119,NA,NA,0,0,NA,NA,0,0,0,0,0,0,49.3955,0,NA,NA,NA,NA,NA,NA,NA,NA,NA,NA,NA,NA,NA,NA,NA,NA,NA,NA,NA,NA,NA,"E: Uncertainty",NA,NA,NA,NA,"E: Uncertainty","E: Uncertainty",NA,NA,"E: Uncertainty","E: Uncertainty",NA,NA,NA,NA,NA,NA,NA,NA
"2022-09-25 07:00:00","PM10",NA,NA,0,500.5032,461.1426,100.885,626.132,3.0429,0,0.6863,2.7093,278.887,NA,0,451.2213,468.323,0,0,4.1032,0.9196,3.7395,NA,0,NA,0,12.8558,NA,0,0,NA,NA,NA,NA,0,0,0,0,0,30.9161,0,"E: Uncertainty","E: Uncertainty",NA,NA,NA,NA,NA,NA,NA,NA,NA,NA,"E: Uncertainty",NA,NA,NA,NA,NA,NA,NA,NA,"E: Uncertainty",NA,"E: Uncertainty",NA,NA,"E: Uncertainty",NA,NA,"E: Uncertainty","E: Uncertainty","E: Uncertainty","E: Uncertainty",NA,NA,NA,NA,NA,NA,NA
"2022-09-25 08:00:00","PM2.5",NA,0,0,251.0545,49.0688,74.676,33.2157,0,NA,NA,NA,94.0277,0,0,11.3698,22.3035,0,0,1.7939,NA,2.492,NA,0,0,0,19.1206,0,NA,0,NA,NA,0,NA,0,0,0,0,0,5.7197,0,"E: Uncertainty",NA,NA,NA,NA,NA,NA,NA,"E: Uncertainty","E: Uncertainty","E: Uncertainty",NA,NA,NA,NA,NA,NA,NA,NA,"E: Uncertainty",NA,"E: Uncertainty",NA,NA,NA,NA,NA,"E: Uncertainty",NA,"E: Uncertainty","E: Uncertainty",NA,"E: Uncertainty",NA,NA,NA,NA,NA,NA,NA
"2022-09-25 09:00:00","PM10",NA,0,0,316.4688,592.6134,82.1042,123.3919,3.1165,0,0.7851,1.7051,232.8562,0,0,10.8799,104.7953,0,0,1.2921,NA,3.2316,NA,0,NA,0,9.8289,NA,0,0,0,NA,NA,3.1884,0,0,0,NA,0,9.7167,0,"E: Uncertainty",NA,NA,NA,NA,NA,NA,NA,NA,NA,NA,NA,NA,NA,NA,NA,NA,NA,NA,"E: Uncertainty",NA,"E: Uncertainty",NA,"E: Uncertainty",NA,NA,"E: Uncertainty",NA,NA,NA,"E: Uncertainty","E: Uncertainty",NA,NA,NA,NA,"E: Uncertainty",NA,NA,NA
"2022-09-25 10:00:00","PM2.5",NA,0,0,224.6633,40.8205,43.3209,27.0193,1.072,0,NA,0,87.6991,0,NA,3.4652,49.9023,0,0,1.2157,NA,1.9045,NA,0,0,0,NA,NA,NA,0,0,0,NA,0,0,0,0,0,0,7.6749,0,"E: Uncertainty",NA,NA,NA,NA,NA,NA,NA,NA,"E: Uncertainty",NA,NA,NA,"E: Uncertainty",NA,NA,NA,NA,NA,"E: Uncertainty",NA,"E: Uncertainty",NA,NA,NA,"E: Uncertainty","E: Uncertainty","E: Uncertainty",NA,NA,NA,"E: Uncertainty",NA,NA,NA,NA,NA,NA,NA,NA
"2022-09-25 11:00:00","PM10",NA,0.101,0,253.3044,540.2186,66.8902,99.2585,6.4632,NA,NA,0.806,150.1639,0,0,6.0195,11.2914,0,0,0.8977,NA,2.5478,NA,0,0,0,18.0719,NA,0,0,NA,NA,NA,0,0,0,0,0,0,3.2226,0,"E: Uncertainty",NA,NA,NA,NA,NA,NA,NA,"E: Uncertainty","E: Uncertainty",NA,NA,NA,NA,NA,NA,NA,NA,NA,"E: Uncertainty",NA,"E: Uncertainty",NA,NA,NA,NA,"E: Uncertainty",NA,NA,"E: Uncertainty","E: Uncertainty","E: Uncertainty",NA,NA,NA,NA,NA,NA,NA,NA
"2022-09-25 12:00:00","PM2.5",0,0,0,169.4043,91.1457,39.1731,15.8253,NA,0,1e-04,0,45.7829,0.0114,NA,3.727,6.194,0,0,0.8348,NA,2.089,NA,0,0,0,NA,0,0,0,NA,NA,NA,NA,0,0,0,0,0,1.3972,0,NA,NA,NA,NA,NA,NA,NA,"E: Uncertainty",NA,NA,NA,NA,NA,"E: Uncertainty",NA,NA,NA,NA,NA,"E: Uncertainty",NA,"E: Uncertainty",NA,NA,NA,"E: Uncertainty",NA,NA,NA,"E: Uncertainty","E: Uncertainty","E: Uncertainty","E: Uncertainty",NA,NA,NA,NA,NA,NA,NA
"2022-09-25 13:00:00","PM10",NA,0,0,180.2256,659.6379,80.5937,76.8891,3.0142,0,NA,0,98.4186,0,0,5.3811,6.5809,0,0,0.5567,NA,2.7628,NA,0,NA,0,16.2497,NA,0,0,NA,NA,NA,NA,0,0,0,0,0,0.8537,0,"E: Uncertainty",NA,NA,NA,NA,NA,NA,NA,NA,"E: Uncertainty",NA,NA,NA,NA,NA,NA,NA,NA,NA,"E: Uncertainty",NA,"E: Uncertainty",NA,"E: Uncertainty",NA,NA,"E: Uncertainty",NA,NA,"E: Uncertainty","E: Uncertainty","E: Uncertainty","E: Uncertainty",NA,NA,NA,NA,NA,NA,NA
"2022-09-25 14:00:00","PM2.5",NA,NA,NA,NA,NA,NA,NA,NA,NA,NA,NA,NA,NA,NA,NA,NA,NA,NA,NA,NA,NA,NA,NA,NA,NA,NA,NA,NA,NA,NA,NA,NA,NA,NA,NA,NA,NA,NA,NA,NA,"E: Uncertainty","E: Erroneous Data","E: Erroneous Data","E: Erroneous Data","E: Erroneous Data","E: Erroneous Data","E: Erroneous Data","E: Uncertainty","E: Uncertainty","E: Erroneous Data","E: Erroneous Data","E: Erroneous Data","E: Erroneous Data","E: Erroneous Data","E: Erroneous Data","E: Erroneous Data","E: Erroneous Data","E: Erroneous Data","E: Erroneous Data","E: Erroneous Data","E: Erroneous Data","E: Uncertainty","E: Erroneous Data","E: Erroneous Data","E: Erroneous Data","E: Erroneous Data","E: Erroneous Data","E: Uncertainty","E: Erroneous Data","E: Erroneous Data","E: Erroneous Data","E: Uncertainty","E: Erroneous Data","E: Erroneous Data","E: Uncertainty","E: Erroneous Data","E: Erroneous Data","E: Erroneous Data","E: Erroneous Data","E: Erroneous Data"
"2022-09-25 15:00:00","PM10",NA,NA,NA,NA,NA,NA,NA,NA,NA,NA,NA,NA,NA,NA,NA,NA,NA,NA,NA,NA,NA,NA,NA,NA,NA,NA,NA,NA,NA,NA,NA,NA,NA,NA,NA,NA,NA,NA,NA,NA,"E: Erroneous Data","E: Uncertainty","E: Erroneous Data","E: Erroneous Data","E: Erroneous Data","E: Erroneous Data","E: Erroneous Data","E: Erroneous Data","E: Erroneous Data","E: Uncertainty","E: Uncertainty","E: Erroneous Data","E: Erroneous Data","E: Erroneous Data","E: Erroneous Data","E: Erroneous Data","E: Erroneous Data","E: Erroneous Data","E: Uncertainty","E: Erroneous Data","E: Erroneous Data","E: Uncertainty","E: Erroneous Data","E: Erroneous Data","E: Erroneous Data","E: Erroneous Data","E: Uncertainty","E: Uncertainty","E: Erroneous Data","E: Erroneous Data","E: Uncertainty","E: Uncertainty","E: Uncertainty","E: Erroneous Data","E: Erroneous Data","E: Erroneous Data","E: Erroneous Data","E: Erroneous Data","E: Erroneous Data","E: Erroneous Data"
"2022-09-25 16:00:00","PM2.5",NA,NA,NA,NA,NA,NA,NA,NA,NA,NA,NA,NA,NA,NA,NA,NA,NA,NA,NA,NA,NA,NA,NA,NA,NA,NA,NA,NA,NA,NA,NA,NA,NA,NA,NA,NA,NA,NA,NA,NA,"E: Uncertainty","E: Erroneous Data","E: Erroneous Data","E: Erroneous Data","E: Erroneous Data","E: Erroneous Data","E: Erroneous Data","E: Uncertainty","E: Erroneous Data","E: Erroneous Data","E: Uncertainty","E: Erroneous Data","E: Uncertainty","E: Erroneous Data","E: Erroneous Data","E: Erroneous Data","E: Erroneous Data","E: Erroneous Data","E: Erroneous Data","E: Erroneous Data","E: Erroneous Data","E: Erroneous Data","E: Erroneous Data","E: Erroneous Data","E: Erroneous Data","E: Erroneous Data","E: Uncertainty","E: Erroneous Data","E: Erroneous Data","E: Uncertainty","E: Erroneous Data","E: Uncertainty","E: Uncertainty","E: Erroneous Data","E: Erroneous Data","E: Erroneous Data","E: Erroneous Data","E: Erroneous Data","E: Uncertainty","E: Erroneous Data"
"2022-09-25 17:00:00","PM10",NA,1.4193,0,297.0315,1689.6768,105.1149,108.4437,1.2689,0,NA,0.8069,132.2829,0,0.5125,4.7081,8.7478,0,0,0,NA,3.711,NA,0,0,0,NA,0,0,0,0,NA,NA,NA,0,NA,0,0,0,1.1067,0,"E: Uncertainty",NA,NA,NA,NA,NA,NA,NA,NA,"E: Uncertainty",NA,NA,NA,NA,NA,NA,NA,NA,NA,"E: Uncertainty",NA,"E: Uncertainty",NA,NA,NA,"E: Uncertainty",NA,NA,NA,NA,"E: Uncertainty","E: Uncertainty","E: Uncertainty",NA,"E: Uncertainty",NA,NA,NA,NA,NA
"2022-09-25 18:00:00","PM2.5",NA,0,0,206.9984,313.4864,61.6716,18.2132,NA,0,NA,0,46.5473,0,0,4.0688,6.1033,0,0,1.0649,0,2.5859,NA,0,0,0,NA,NA,NA,0,0,NA,NA,NA,0,NA,0,0,0,0,0,"E: Uncertainty",NA,NA,NA,NA,NA,NA,"E: Uncertainty",NA,"E: Uncertainty",NA,NA,NA,NA,NA,NA,NA,NA,NA,NA,NA,"E: Uncertainty",NA,NA,NA,"E: Uncertainty","E: Uncertainty","E: Uncertainty",NA,NA,"E: Uncertainty","E: Uncertainty","E: Uncertainty",NA,"E: Uncertainty",NA,NA,NA,NA,NA
"2022-09-25 19:00:00","PM10",NA,0,0,273.4087,1502.781,74.762,74.5793,NA,0,0,NA,105.5091,NA,0,5.7868,5.3106,0,0,0.4168,NA,4.5432,NA,0,0,0,10.0674,0,NA,0,NA,NA,NA,3.8914,0,NA,0,0,0,0,0,"E: Uncertainty",NA,NA,NA,NA,NA,NA,"E: Uncertainty",NA,NA,"E: Uncertainty",NA,"E: Uncertainty",NA,NA,NA,NA,NA,NA,"E: Uncertainty",NA,"E: Uncertainty",NA,NA,NA,NA,NA,"E: Uncertainty",NA,"E: Uncertainty","E: Uncertainty","E: Uncertainty",NA,NA,"E: Uncertainty",NA,NA,NA,NA,NA
"2022-09-25 20:00:00","PM2.5",NA,0,0,204.4395,329.5713,29.4321,17.4483,NA,0,0,0,41.9217,0,0,3.7359,2.6501,0,0,NA,0,2.4709,NA,0,0,0,9.4576,NA,NA,0,NA,0,0,NA,0,0,0,0,0,0,0,"E: Uncertainty",NA,NA,NA,NA,NA,NA,"E: Uncertainty",NA,NA,NA,NA,NA,NA,NA,NA,NA,NA,"E: Uncertainty",NA,NA,"E: Uncertainty",NA,NA,NA,NA,"E: Uncertainty","E: Uncertainty",NA,"E: Uncertainty",NA,NA,"E: Uncertainty",NA,NA,NA,NA,NA,NA,NA
"2022-09-25 21:00:00","PM10",NA,0,0,242.7809,1284.1254,64.4385,71.9389,NA,0,0,0,87.2548,NA,0,5.5004,4.4808,0,0,0.6755,NA,3.1084,NA,0,0,0,17.4428,0,0,0,0,NA,NA,3.2857,0,0,0,0,0,NA,0,"E: Uncertainty",NA,NA,NA,NA,NA,NA,"E: Uncertainty",NA,NA,NA,NA,"E: Uncertainty",NA,NA,NA,NA,NA,NA,"E: Uncertainty",NA,"E: Uncertainty",NA,NA,NA,NA,NA,NA,NA,NA,"E: Uncertainty","E: Uncertainty",NA,NA,NA,NA,NA,NA,"E: Uncertainty",NA
"2022-09-25 22:00:00","PM2.5",NA,0,0,162.8421,246.1854,33.0511,14.3747,0,NA,NA,0,14.6365,0,0,0.6868,2.4843,0,0,NA,0,2.1139,NA,0,0,0,11.9682,NA,NA,0,0,NA,NA,NA,0,0,0,0,0,0,0,"E: Uncertainty",NA,NA,NA,NA,NA,NA,NA,"E: Uncertainty","E: Uncertainty",NA,NA,NA,NA,NA,NA,NA,NA,"E: Uncertainty",NA,NA,"E: Uncertainty",NA,NA,NA,NA,"E: Uncertainty","E: Uncertainty",NA,NA,"E: Uncertainty","E: Uncertainty","E: Uncertainty",NA,NA,NA,NA,NA,NA,NA
"2022-09-25 23:00:00","PM10",NA,NA,0,203.8219,979.9386,66.2588,182.5687,3.0159,NA,NA,NA,126.2613,NA,0,1.1531,2.8116,0,0,0,NA,3.3051,NA,0,NA,0,23.3929,0,NA,0,NA,NA,NA,0,0,NA,0,0,0,NA,0,"E: Uncertainty","E: Uncertainty",NA,NA,NA,NA,NA,NA,"E: Uncertainty","E: Uncertainty","E: Uncertainty",NA,"E: Uncertainty",NA,NA,NA,NA,NA,NA,"E: Uncertainty",NA,"E: Uncertainty",NA,"E: Uncertainty",NA,NA,NA,"E: Uncertainty",NA,"E: Uncertainty","E: Uncertainty","E: Uncertainty",NA,NA,"E: Uncertainty",NA,NA,NA,"E: Uncertainty",NA
"2022-09-26 00:30:00","PM2.5",NA,0,0,153.8499,116.2891,22.145,9.3753,0,NA,0,0,4.246,0,0,NA,2.0487,0,0,NA,0,NA,NA,0,0,0,NA,NA,0,0,0,0,0,NA,0,0,NA,0,0,0,0,"E: Uncertainty",NA,NA,NA,NA,NA,NA,NA,"E: Uncertainty",NA,NA,NA,NA,NA,"E: Uncertainty",NA,NA,NA,"E: Uncertainty",NA,"E: Uncertainty","E: Uncertainty",NA,NA,NA,"E: Uncertainty","E: Uncertainty",NA,NA,NA,NA,NA,"E: Uncertainty",NA,NA,"E: Uncertainty",NA,NA,NA,NA
"2022-09-26 01:00:00","PM10",NA,0,0.1905,158.1646,396.3272,38.04,35.4689,1.1917,0,NA,0,16.4172,0,0,NA,1.7271,0,0,0.7992,NA,2.2206,NA,0,0,0,11.2945,0,NA,0,NA,NA,NA,NA,0,0,0,0,0,NA,0,"E: Uncertainty",NA,NA,NA,NA,NA,NA,NA,NA,"E: Uncertainty",NA,NA,NA,NA,"E: Uncertainty",NA,NA,NA,NA,"E: Uncertainty",NA,"E: Uncertainty",NA,NA,NA,NA,NA,"E: Uncertainty",NA,"E: Uncertainty","E: Uncertainty","E: Uncertainty","E: Uncertainty",NA,NA,NA,NA,NA,"E: Uncertainty",NA
"2022-09-26 02:00:00","PM2.5",NA,0,0,134.9821,36.4761,24.7286,4.3037,0,0,0,0,2.6736,0,0,0,1.7162,NA,0,1.2861,NA,1.0584,NA,0,0,0,17.2202,NA,0,0,NA,0,NA,0.0172,0,0,0,0,0,NA,0,"E: Uncertainty",NA,NA,NA,NA,NA,NA,NA,NA,NA,NA,NA,NA,NA,NA,NA,"E: Uncertainty",NA,NA,"E: Uncertainty",NA,"E: Uncertainty",NA,NA,NA,NA,"E: Uncertainty",NA,NA,"E: Uncertainty",NA,"E: Uncertainty",NA,NA,NA,NA,NA,NA,"E: Uncertainty",NA
"2022-09-26 03:00:00","PM10",NA,0,NA,84.9305,69.1952,36.2391,15.1426,NA,0,0.0038,0,7.9318,NA,0,0.6278,1.2498,0,0,2.8551,NA,NA,NA,0,0,0,12.4508,NA,0,0,NA,NA,NA,0,0,0,NA,0,0,NA,0,"E: Uncertainty",NA,"E: Uncertainty",NA,NA,NA,NA,"E: Uncertainty",NA,NA,NA,NA,"E: Uncertainty",NA,NA,NA,NA,NA,NA,"E: Uncertainty","E: Uncertainty","E: Uncertainty",NA,NA,NA,NA,"E: Uncertainty",NA,NA,"E: Uncertainty","E: Uncertainty","E: Uncertainty",NA,NA,NA,"E: Uncertainty",NA,NA,"E: Uncertainty",NA
"2022-09-26 04:00:00","PM2.5",0,0,0,42.6701,52.7279,6.8866,3.7643,0,0,0,0,7.4089,0,0,0.5093,0.9715,0,0,NA,0,NA,NA,0,0,0,NA,0,NA,0,NA,NA,NA,0,NA,0,0,0,0,0,NA,NA,NA,NA,NA,NA,NA,NA,NA,NA,NA,NA,NA,NA,NA,NA,NA,NA,NA,"E: Uncertainty",NA,"E: Uncertainty","E: Uncertainty",NA,NA,NA,"E: Uncertainty",NA,"E: Uncertainty",NA,"E: Uncertainty","E: Uncertainty","E: Uncertainty",NA,"E: Uncertainty",NA,NA,NA,NA,NA,"E: Uncertainty"
"2022-09-26 05:00:00","PM10",NA,0,0,242.8922,3377.9303,114.8464,97.1538,2.7203,0,NA,0,79.3409,NA,NA,4.7285,1.7188,0,0,0,0,6.4401,NA,0,0,0,10.2797,NA,NA,0,0,NA,NA,0.0396,0,0,0,0,0,NA,0,"E: Uncertainty",NA,NA,NA,NA,NA,NA,NA,NA,"E: Uncertainty",NA,NA,"E: Uncertainty","E: Uncertainty",NA,NA,NA,NA,NA,NA,NA,"E: Uncertainty",NA,NA,NA,NA,"E: Uncertainty","E: Uncertainty",NA,NA,"E: Uncertainty","E: Uncertainty",NA,NA,NA,NA,NA,NA,"E: Uncertainty",NA
"2022-09-26 06:00:00","PM2.5",0,0,0,155.8628,1950.2948,48.3606,58.7143,1.1216,0,NA,0,52.0096,0,0,3.6811,18.1457,0,0,0,0,2.9059,NA,0,0,0,NA,NA,NA,0,NA,0,NA,NA,0,0,0,0,0,1.3367,0,NA,NA,NA,NA,NA,NA,NA,NA,NA,"E: Uncertainty",NA,NA,NA,NA,NA,NA,NA,NA,NA,NA,NA,"E: Uncertainty",NA,NA,NA,"E: Uncertainty","E: Uncertainty","E: Uncertainty",NA,"E: Uncertainty",NA,"E: Uncertainty","E: Uncertainty",NA,NA,NA,NA,NA,NA,NA
"2022-09-26 07:00:00","PM10",916.2255,NA,0,525.4335,8603.9008,209.9441,315.7242,5.429,0,0.6506,2.0155,241.6949,0,NA,11.9303,25.3149,0,0,NA,NA,17.9964,4.7316,0,0,0,9.6671,NA,NA,0,NA,NA,NA,5.7785,0,0,0,0,0,NA,0,NA,"E: Uncertainty",NA,NA,NA,NA,NA,NA,NA,NA,NA,NA,NA,"E: Uncertainty",NA,NA,NA,NA,"E: Uncertainty","E: Uncertainty",NA,NA,NA,NA,NA,NA,"E: Uncertainty","E: Uncertainty",NA,"E: Uncertainty","E: Uncertainty","E: Uncertainty",NA,NA,NA,NA,NA,NA,"E: Uncertainty",NA
"2022-09-26 08:00:00","PM2.5",705.6552,0,0,193.7462,3065.2138,68.264,95.8994,4.1227,0,0,NA,112.8203,0,NA,2.8068,26.1914,0,0,0.7235,0,4.6497,NA,0,0,0,19.2742,0,NA,0,0,NA,NA,0,0,0,0,0,0,1.878,0,NA,NA,NA,NA,NA,NA,NA,NA,NA,NA,"E: Uncertainty",NA,NA,"E: Uncertainty",NA,NA,NA,NA,NA,NA,NA,"E: Uncertainty",NA,NA,NA,NA,NA,"E: Uncertainty",NA,NA,"E: Uncertainty","E: Uncertainty",NA,NA,NA,NA,NA,NA,NA,NA
"2022-09-26 09:00:00","PM10",NA,1360.3872,0,264.366,4574.0667,141.7459,508.3087,92.793,1.4168,0.663,10.233,703.0082,NA,NA,6.4114,24.0815,0,0,0.5476,NA,8.119,2.6084,0,NA,0,12.673,NA,0,0,0,NA,0,0,0,0,0,0,0,1.1734,0,"E: Uncertainty",NA,NA,NA,NA,NA,NA,NA,NA,NA,NA,NA,"E: Uncertainty","E: Uncertainty",NA,NA,NA,NA,NA,"E: Uncertainty",NA,NA,NA,"E: Uncertainty",NA,NA,"E: Uncertainty",NA,NA,NA,"E: Uncertainty",NA,NA,NA,NA,NA,NA,NA,NA,NA
"2022-09-26 10:00:00","PM2.5",NA,460.0262,0,176.2534,1735.0129,59.887,194.5271,43.9684,NA,NA,4.6205,323.6393,0,NA,3.0417,21.4622,0,0,NA,0,2.4104,NA,0,NA,0,NA,NA,0,0,NA,0,0,0,0,0,0,0,0,3.1643,0,"E: Uncertainty",NA,NA,NA,NA,NA,NA,NA,"E: Uncertainty","E: Uncertainty",NA,NA,NA,"E: Uncertainty",NA,NA,NA,NA,"E: Uncertainty",NA,NA,"E: Uncertainty",NA,"E: Uncertainty",NA,"E: Uncertainty","E: Uncertainty",NA,NA,"E: Uncertainty",NA,NA,NA,NA,NA,NA,NA,NA,NA,NA
"2022-09-26 11:00:00","PM10",NA,1068.6354,0,295.5992,3559.6715,132.4083,447.1764,79.8462,1.208,NA,9.1065,675.5487,0,0,7.2893,42.225,0,0,1.3862,0.5165,7.2549,4.4429,0,0,0,13.2791,NA,0,0,NA,0,0,NA,0,0,0,0,0,3.3861,0,"E: Uncertainty",NA,NA,NA,NA,NA,NA,NA,NA,"E: Uncertainty",NA,NA,NA,NA,NA,NA,NA,NA,NA,NA,NA,NA,NA,NA,NA,NA,"E: Uncertainty",NA,NA,"E: Uncertainty",NA,NA,"E: Uncertainty",NA,NA,NA,NA,NA,NA,NA
"2022-09-26 12:00:00","PM2.5",0,NA,0,139.4022,1098.5268,47.9498,118.8942,18.9218,0,NA,1.6637,166.3998,NA,0,2.6801,13.9394,0,0,0.4758,NA,1.0916,1.6593,0,0,0,13.5817,NA,0,0,NA,0,NA,0,0,0,0,0,0,2.9654,0,NA,"E: Uncertainty",NA,NA,NA,NA,NA,NA,NA,"E: Uncertainty",NA,NA,"E: Uncertainty",NA,NA,NA,NA,NA,NA,"E: Uncertainty",NA,NA,NA,NA,NA,NA,"E: Uncertainty",NA,NA,"E: Uncertainty",NA,"E: Uncertainty",NA,NA,NA,NA,NA,NA,NA,NA
"2022-09-26 13:00:00","PM10",NA,487.6474,0,271.3734,3523.1495,122.8418,407.3145,35.4158,NA,1.232,4.8341,374.631,0,NA,6.3533,15.7203,0,0,0.5077,NA,7.1314,2.1441,0,0,0,18.5161,NA,NA,0,0,0,NA,0,0,0,0,0,0,6.1965,0,"E: Uncertainty",NA,NA,NA,NA,NA,NA,NA,"E: Uncertainty",NA,NA,NA,NA,"E: Uncertainty",NA,NA,NA,NA,NA,"E: Uncertainty",NA,NA,NA,NA,NA,NA,"E: Uncertainty","E: Uncertainty",NA,NA,NA,"E: Uncertainty",NA,NA,NA,NA,NA,NA,NA,NA
"2022-09-26 14:00:00","PM2.5",0,0,0,256.228,1312.0923,40.4196,87.0441,5.6645,0,0.0075,NA,98.4207,NA,NA,2.1502,4.7208,0,0,0,NA,1.3284,NA,0,0,0,10.5013,NA,NA,NA,0,NA,NA,0,0,0,0,0,0,5.0307,0,NA,NA,NA,NA,NA,NA,NA,NA,NA,NA,"E: Uncertainty",NA,"E: Uncertainty","E: Uncertainty",NA,NA,NA,NA,NA,"E: Uncertainty",NA,"E: Uncertainty",NA,NA,NA,NA,"E: Uncertainty","E: Uncertainty","E: Uncertainty",NA,"E: Uncertainty","E: Uncertainty",NA,NA,NA,NA,NA,NA,NA,NA
"2022-09-26 15:00:00","PM10",NA,385.9635,0,286.1896,3168.0884,515.9323,399.7818,30.8806,NA,NA,4.8932,362.5958,0,0,6.9228,28.2201,0,0,1.4626,NA,6.9143,2.9395,0,NA,0,NA,0,0,0,NA,NA,NA,3.4156,0,0,0,0,0,3.5696,0,"E: Uncertainty",NA,NA,NA,NA,NA,NA,NA,"E: Uncertainty","E: Uncertainty",NA,NA,NA,NA,NA,NA,NA,NA,NA,"E: Uncertainty",NA,NA,NA,"E: Uncertainty",NA,"E: Uncertainty",NA,NA,NA,"E: Uncertainty","E: Uncertainty","E: Uncertainty",NA,NA,NA,NA,NA,NA,NA,NA
"2022-09-26 16:00:00","PM2.5",NA,NA,0,174.562,807.2303,44.1709,68.8257,11.196,0,0,0.8775,116.1117,0,0,4.0093,11.8492,0,0,1.2116,NA,1.3302,NA,0,0,0,10.7581,NA,0,0,0,NA,NA,0,0,0,0,0,0,0,0,"E: Uncertainty","E: Uncertainty",NA,NA,NA,NA,NA,NA,NA,NA,NA,NA,NA,NA,NA,NA,NA,NA,NA,"E: Uncertainty",NA,"E: Uncertainty",NA,NA,NA,NA,"E: Uncertainty",NA,NA,NA,"E: Uncertainty","E: Uncertainty",NA,NA,NA,NA,NA,NA,NA,NA
"2022-09-26 17:00:00","PM10",NA,219.7135,0,205.4217,1887.9874,83.7496,188.0798,25.0148,NA,NA,2.6784,329.5476,0,0,8.8641,7.3909,0,0,NA,NA,3.1534,NA,NA,NA,0,NA,NA,NA,0,NA,0,0,NA,0,0,0,0,0,2.4323,0,"E: Uncertainty",NA,NA,NA,NA,NA,NA,NA,"E: Uncertainty","E: Uncertainty",NA,NA,NA,NA,NA,NA,NA,NA,"E: Uncertainty","E: Uncertainty",NA,"E: Uncertainty","E: Uncertainty","E: Uncertainty",NA,"E: Uncertainty","E: Uncertainty","E: Uncertainty",NA,"E: Uncertainty",NA,NA,"E: Uncertainty",NA,NA,NA,NA,NA,NA,NA
"2022-09-26 18:00:00","PM2.5",NA,0,0,303.5278,470.0991,715.527,35.5706,10.85,0,0,NA,78.6241,0,0,24.6748,9.7788,0,0,3.2654,0,0.9566,7.0834,0,0,0,NA,NA,NA,0,NA,0,NA,55.9063,0,0,0,0,0,24.7361,5.08,"E: Uncertainty",NA,NA,NA,NA,NA,NA,NA,NA,NA,"E: Uncertainty",NA,NA,NA,NA,NA,NA,NA,NA,NA,NA,NA,NA,NA,NA,"E: Uncertainty","E: Uncertainty","E: Uncertainty",NA,"E: Uncertainty",NA,"E: Uncertainty",NA,NA,NA,NA,NA,NA,NA,NA
"2022-09-26 19:00:00","PM10",0,NA,0,110.8726,1267.6084,73.6233,102.7237,16.8597,NA,0,1.1737,163.047,0,0,4.8516,10.9997,0,0,1.7932,0,2.0971,NA,0,0,0,18.8987,NA,0,0,0.17,NA,0,0,0,NA,0,0,0,5.3835,0,NA,"E: Uncertainty",NA,NA,NA,NA,NA,NA,"E: Uncertainty",NA,NA,NA,NA,NA,NA,NA,NA,NA,NA,NA,NA,"E: Uncertainty",NA,NA,NA,NA,"E: Uncertainty",NA,NA,NA,"E: Uncertainty",NA,NA,NA,"E: Uncertainty",NA,NA,NA,NA,NA
"2022-09-26 20:00:00","PM2.5",645.5372,NA,0,46.4261,323.5417,31.1588,29.0893,4.9648,0,NA,NA,58.3221,0,NA,2.279,10.4593,0,0,0.9027,0,0.5957,NA,0,0,0,NA,NA,NA,0,0,0,NA,0,0,0,0,NA,0,5.1265,0,NA,"E: Uncertainty",NA,NA,NA,NA,NA,NA,NA,"E: Uncertainty","E: Uncertainty",NA,NA,"E: Uncertainty",NA,NA,NA,NA,NA,NA,NA,"E: Uncertainty",NA,NA,NA,"E: Uncertainty","E: Uncertainty","E: Uncertainty",NA,NA,NA,"E: Uncertainty",NA,NA,NA,NA,"E: Uncertainty",NA,NA,NA
"2022-09-26 21:00:00","PM10",NA,NA,0,115.117,1479.3895,65.8131,95.3178,15.6331,NA,0,1.5703,167.8401,NA,0,5.1983,6.1554,0,0,NA,0,2.1889,NA,0,0,0,11.7622,NA,0,0,0,NA,NA,NA,0,0,0,0,0,1.5815,0,"E: Uncertainty","E: Uncertainty",NA,NA,NA,NA,NA,NA,"E: Uncertainty",NA,NA,NA,"E: Uncertainty",NA,NA,NA,NA,NA,"E: Uncertainty",NA,NA,"E: Uncertainty",NA,NA,NA,NA,"E: Uncertainty",NA,NA,NA,"E: Uncertainty","E: Uncertainty","E: Uncertainty",NA,NA,NA,NA,NA,NA,NA
"2022-09-26 22:00:00","PM2.5",NA,0,0,58.5295,406.8564,25.8017,27.2874,4.3333,0,0.0027,0,42.8038,0,0,1.3142,5.3049,0,0,NA,0,0.7913,NA,0,0,0,14.4294,NA,0,0,0,NA,NA,0,0,0,0,0,0,0,0,"E: Uncertainty",NA,NA,NA,NA,NA,NA,NA,NA,NA,NA,NA,NA,NA,NA,NA,NA,NA,"E: Uncertainty",NA,NA,"E: Uncertainty",NA,NA,NA,NA,"E: Uncertainty",NA,NA,NA,"E: Uncertainty","E: Uncertainty",NA,NA,NA,NA,NA,NA,NA,NA
"2022-09-26 23:00:00","PM10",NA,NA,0,116.4109,2209.035,84.7637,106.5955,11.9927,0,0,NA,118.913,NA,0,1.0327,4.1103,0,0,0.6298,NA,3.6592,NA,0,0,0,NA,NA,0,0,NA,NA,NA,0,0,0,0,NA,0,0,0,"E: Uncertainty","E: Uncertainty",NA,NA,NA,NA,NA,NA,NA,NA,"E: Uncertainty",NA,"E: Uncertainty",NA,NA,NA,NA,NA,NA,"E: Uncertainty",NA,"E: Uncertainty",NA,NA,NA,"E: Uncertainty","E: Uncertainty",NA,NA,"E: Uncertainty","E: Uncertainty","E: Uncertainty",NA,NA,NA,NA,"E: Uncertainty",NA,NA,NA
"2022-09-27 00:30:00","PM2.5",NA,0,0,83.7937,643.1028,29.7857,28.8797,2.5408,0,0,0,31.9841,0,NA,1.1733,1.1415,0,0,1.0748,0,NA,NA,0,0,0,NA,NA,NA,0,NA,0,NA,0,0,0,0,0,0,3.6708,0,"E: Uncertainty",NA,NA,NA,NA,NA,NA,NA,NA,NA,NA,NA,NA,"E: Uncertainty",NA,NA,NA,NA,NA,NA,"E: Uncertainty","E: Uncertainty",NA,NA,NA,"E: Uncertainty","E: Uncertainty","E: Uncertainty",NA,"E: Uncertainty",NA,"E: Uncertainty",NA,NA,NA,NA,NA,NA,NA,NA
"2022-09-27 01:00:00","PM10",NA,NA,0,194.2672,2693.0304,103.511,115.0933,10.6486,0.008,0,NA,98.6901,0,0,NA,1.7343,0,0,NA,0,2.8866,NA,0,0,0,9.3161,0,0,0,NA,0,0,0,0,0,0,0,0,2.4408,0,"E: Uncertainty","E: Uncertainty",NA,NA,NA,NA,NA,NA,NA,NA,"E: Uncertainty",NA,NA,NA,"E: Uncertainty",NA,NA,NA,"E: Uncertainty",NA,NA,"E: Uncertainty",NA,NA,NA,NA,NA,NA,NA,"E: Uncertainty",NA,NA,NA,NA,NA,NA,NA,NA,NA,NA
"2022-09-27 02:00:00","PM2.5",NA,0,0,75.4475,678.65,28.4364,34.6766,3.7499,NA,NA,0,34.363,0,0,NA,1.6066,0,0,0,NA,0.6453,NA,0,0,0,18.1868,0,0,0,0,0,NA,0,0,0,0,NA,0,1.8784,0,"E: Uncertainty",NA,NA,NA,NA,NA,NA,NA,"E: Uncertainty","E: Uncertainty",NA,NA,NA,NA,"E: Uncertainty",NA,NA,NA,NA,"E: Uncertainty",NA,"E: Uncertainty",NA,NA,NA,NA,NA,NA,NA,NA,NA,"E: Uncertainty",NA,NA,NA,NA,"E: Uncertainty",NA,NA,NA
"2022-09-27 03:00:00","PM10",NA,NA,0,103.1004,1462.6244,65.8349,92.643,12.0777,0,NA,NA,102.7058,0,0,NA,1.2888,0,0,NA,0,1.7924,NA,0,0,0,NA,0,0,0,NA,NA,NA,0,0,0,0,0,0,2.4368,0,"E: Uncertainty","E: Uncertainty",NA,NA,NA,NA,NA,NA,NA,"E: Uncertainty","E: Uncertainty",NA,NA,NA,"E: Uncertainty",NA,NA,NA,"E: Uncertainty",NA,NA,"E: Uncertainty",NA,NA,NA,"E: Uncertainty",NA,NA,NA,"E: Uncertainty","E: Uncertainty","E: Uncertainty",NA,NA,NA,NA,NA,NA,NA,NA
"2022-09-27 04:00:00","PM2.5",0,0,0,61.6485,363.4034,21.978,25.4979,3.974,NA,0,0,37.5694,NA,0,0.7197,2.6123,0,0,0,NA,NA,0,0,0,0,NA,0,NA,0,0,NA,0,NA,0,NA,0,0,0,2.7079,0,NA,NA,NA,NA,NA,NA,NA,NA,"E: Uncertainty",NA,NA,NA,"E: Uncertainty",NA,NA,NA,NA,NA,NA,"E: Uncertainty","E: Uncertainty",NA,NA,NA,NA,"E: Uncertainty",NA,"E: Uncertainty",NA,NA,"E: Uncertainty",NA,"E: Uncertainty",NA,"E: Uncertainty",NA,NA,NA,NA,NA
"2022-09-27 05:00:00","PM10",NA,NA,0,129.5715,1674.9235,64.9522,128.9244,20.8087,NA,0,1.0997,209.421,0,0,3.4818,2.2956,0,0,NA,0,1.978,2.0358,0,0,0,16.6782,0,NA,0,0,NA,NA,NA,0,0,0,0,0,0,0,"E: Uncertainty","E: Uncertainty",NA,NA,NA,NA,NA,NA,"E: Uncertainty",NA,NA,NA,NA,NA,NA,NA,NA,NA,"E: Uncertainty",NA,NA,NA,NA,NA,NA,NA,NA,"E: Uncertainty",NA,NA,"E: Uncertainty","E: Uncertainty","E: Uncertainty",NA,NA,NA,NA,NA,NA,NA
"2022-09-27 06:00:00","PM2.5",NA,0.0179,0,87.528,681.0091,34.544,43.0073,6.5362,0,0,NA,103.9008,0,NA,2.455,2.1949,0,0,NA,NA,0.8377,NA,0,0,0,19.5564,NA,0,0,NA,NA,NA,0,0,0,0,0,0,0,0,"E: Uncertainty",NA,NA,NA,NA,NA,NA,NA,NA,NA,"E: Uncertainty",NA,NA,"E: Uncertainty",NA,NA,NA,NA,"E: Uncertainty","E: Uncertainty",NA,"E: Uncertainty",NA,NA,NA,NA,"E: Uncertainty",NA,NA,"E: Uncertainty","E: Uncertainty","E: Uncertainty",NA,NA,NA,NA,NA,NA,NA,NA
"2022-09-27 07:00:00","PM10",NA,194.1993,0,265.8859,3332.7811,145.5397,272.791,27.7896,NA,NA,3.3851,446.9925,0,0,13.9187,7.7043,0,0,0.4082,0,5.4037,2.2645,0,0,0,NA,NA,NA,0,NA,NA,NA,5.5701,0,0,0,0,0,0,0,"E: Uncertainty",NA,NA,NA,NA,NA,NA,NA,"E: Uncertainty","E: Uncertainty",NA,NA,NA,NA,NA,NA,NA,NA,NA,NA,NA,NA,NA,NA,NA,"E: Uncertainty","E: Uncertainty","E: Uncertainty",NA,"E: Uncertainty","E: Uncertainty","E: Uncertainty",NA,NA,NA,NA,NA,NA,NA,NA
"2022-09-27 08:00:00","PM2.5",0,0,0,150.1168,952.516,53.3435,59.1011,5.6293,0,NA,2.8778,156.7356,NA,NA,4.1174,18.9108,0,0,0.6332,0,1.6744,NA,0,NA,0,12.1049,NA,NA,0,NA,0,0,0,0,0,0,0,0,4.6173,0,NA,NA,NA,NA,NA,NA,NA,NA,NA,"E: Uncertainty",NA,NA,"E: Uncertainty","E: Uncertainty",NA,NA,NA,NA,NA,NA,NA,"E: Uncertainty",NA,"E: Uncertainty",NA,NA,"E: Uncertainty","E: Uncertainty",NA,"E: Uncertainty",NA,NA,NA,NA,NA,NA,NA,NA,NA,NA
"2022-09-27 09:00:00","PM10",774.7231,NA,0,160.5519,1658.9204,67.7798,165.8732,7.3224,0,NA,2.8008,222.4512,NA,0,7.4282,18.3676,0,0,1.623,0,2.4092,NA,0,0,0,10.8048,NA,0,0,0,NA,NA,NA,0,0,0,0,0,12.5962,0,NA,"E: Uncertainty",NA,NA,NA,NA,NA,NA,NA,"E: Uncertainty",NA,NA,"E: Uncertainty",NA,NA,NA,NA,NA,NA,NA,NA,"E: Uncertainty",NA,NA,NA,NA,"E: Uncertainty",NA,NA,NA,"E: Uncertainty","E: Uncertainty","E: Uncertainty",NA,NA,NA,NA,NA,NA,NA
"2022-09-27 10:00:00","PM2.5",1049.4972,0,0,115.283,879.3816,30.1957,54.7813,2.9428,0,NA,0,75.8371,0,0,4.791,10.1216,0,0,0.7897,0,1.3352,NA,0,0,0,0,NA,0,0,NA,NA,0,NA,0,0,0,0,0,11.6289,0,NA,NA,NA,NA,NA,NA,NA,NA,NA,"E: Uncertainty",NA,NA,NA,NA,NA,NA,NA,NA,NA,NA,NA,"E: Uncertainty",NA,NA,NA,NA,"E: Uncertainty",NA,NA,"E: Uncertainty","E: Uncertainty",NA,"E: Uncertainty",NA,NA,NA,NA,NA,NA,NA
"2022-09-27 11:00:00","PM10",NA,NA,0,160.0823,1910.4239,69.6708,172.3105,9.3805,0.0075,NA,1.3159,169.82,NA,NA,5.5347,17.9692,0,0,NA,0,2.7747,NA,0,0,0,10.6264,NA,NA,0,0,NA,0,0,0,NA,0,0,0,2.7477,1.3144,"E: Uncertainty","E: Uncertainty",NA,NA,NA,NA,NA,NA,NA,"E: Uncertainty",NA,NA,"E: Uncertainty","E: Uncertainty",NA,NA,NA,NA,"E: Uncertainty",NA,NA,"E: Uncertainty",NA,NA,NA,NA,"E: Uncertainty","E: Uncertainty",NA,NA,"E: Uncertainty",NA,NA,NA,"E: Uncertainty",NA,NA,NA,NA,NA
"2022-09-27 12:00:00","PM2.5",NA,0,0,119.12,866.8563,29.7498,39.9675,1.7147,0,0.0022,NA,57.6084,0,0,2.7349,21.5951,0,0,1.2985,0,0.8592,NA,0,0,0,NA,NA,0.0612,0,0,NA,0,NA,0,0,0,0,0,23.7358,0,"E: Uncertainty",NA,NA,NA,NA,NA,NA,NA,NA,NA,"E: Uncertainty",NA,NA,NA,NA,NA,NA,NA,NA,NA,NA,"E: Uncertainty",NA,NA,NA,"E: Uncertainty","E: Uncertainty",NA,NA,NA,"E: Uncertainty",NA,"E: Uncertainty",NA,NA,NA,NA,NA,NA,NA
"2022-09-27 13:00:00","PM10",NA,187.5642,0,165.1612,1861.0768,71.7071,178.5165,18.3834,0,NA,2.4878,233.0104,0,0,4.5842,8.3486,0,0,1.0312,0,2.2988,NA,0,0,0,12.1926,0,0,0,0,0,NA,NA,0,0,0,0,0,4.1596,0,"E: Uncertainty",NA,NA,NA,NA,NA,NA,NA,NA,"E: Uncertainty",NA,NA,NA,NA,NA,NA,NA,NA,NA,NA,NA,"E: Uncertainty",NA,NA,NA,NA,NA,NA,NA,NA,NA,"E: Uncertainty","E: Uncertainty",NA,NA,NA,NA,NA,NA,NA
"2022-09-27 14:00:00","PM2.5",NA,0,0,130.9123,911.6134,33.5509,69.0003,8.5075,0,0,0.9003,112.6352,NA,0,2.2193,5.4284,0,0,0.8678,0,1.1456,NA,0,NA,0,13.107,0,NA,0,NA,NA,NA,0,0,0,0,0,0,3.6363,0,"E: Uncertainty",NA,NA,NA,NA,NA,NA,NA,NA,NA,NA,NA,"E: Uncertainty",NA,NA,NA,NA,NA,NA,NA,NA,"E: Uncertainty",NA,"E: Uncertainty",NA,NA,NA,"E: Uncertainty",NA,"E: Uncertainty","E: Uncertainty","E: Uncertainty",NA,NA,NA,NA,NA,NA,NA,NA
"2022-09-27 15:00:00","PM10",839.228,423.9745,0,237.4438,2442.8991,99.033,248.4113,43.0679,NA,NA,4.5969,461.1601,NA,NA,11.8509,13.3433,0,0,0.6783,0,3.8209,1.9301,0,0,0,12.2294,NA,NA,0,NA,NA,0,3.3321,0,0,0,0,0,6.9479,0,NA,NA,NA,NA,NA,NA,NA,NA,"E: Uncertainty","E: Uncertainty",NA,NA,"E: Uncertainty","E: Uncertainty",NA,NA,NA,NA,NA,NA,NA,NA,NA,NA,NA,NA,"E: Uncertainty","E: Uncertainty",NA,"E: Uncertainty","E: Uncertainty",NA,NA,NA,NA,NA,NA,NA,NA,NA
"2022-09-27 16:00:00","PM2.5",NA,NA,0,133.1258,778.534,44.3741,70.6395,14.9969,0,0,1.463,166.7655,NA,NA,3.8876,11.8729,0,0,0.5139,0,6.2788,NA,0,0,0,12.0477,NA,NA,0,NA,NA,0,NA,0,0,0,0,0,1.691,0,"E: Uncertainty","E: Uncertainty",NA,NA,NA,NA,NA,NA,NA,NA,NA,NA,"E: Uncertainty","E: Uncertainty",NA,NA,NA,NA,NA,NA,NA,"E: Uncertainty",NA,NA,NA,NA,"E: Uncertainty","E: Uncertainty",NA,"E: Uncertainty","E: Uncertainty",NA,"E: Uncertainty",NA,NA,NA,NA,NA,NA,NA
"2022-09-27 17:00:00","PM10",662.4839,843.7969,0,216.5099,2326.0511,111.782,293.6228,65.8885,1.2421,NA,6.392,653.0059,0,NA,15.4517,285.9316,0,0,2.1853,0,14.5228,2.0868,0,NA,NA,NA,NA,NA,0,0,NA,NA,3.2542,0,0,0,0,0,5.3174,0,NA,NA,NA,NA,NA,NA,NA,NA,NA,"E: Uncertainty",NA,NA,NA,"E: Uncertainty",NA,NA,NA,NA,NA,NA,NA,NA,NA,"E: Uncertainty","E: Uncertainty","E: Uncertainty","E: Uncertainty","E: Uncertainty",NA,NA,"E: Uncertainty","E: Uncertainty",NA,NA,NA,NA,NA,NA,NA,NA
"2022-09-27 18:00:00","PM2.5",NA,NA,0,119.2504,591.8815,56.6731,72.758,18.7952,0,0,1.3236,185.5509,0,0,5.3061,8.1648,0,0,0.6947,0,2.3167,NA,0,0,0,13.0643,NA,NA,0,NA,NA,NA,0,0,0,0,0,0,3.1554,0,"E: Uncertainty","E: Uncertainty",NA,NA,NA,NA,NA,NA,NA,NA,NA,NA,NA,NA,NA,NA,NA,NA,NA,NA,NA,"E: Uncertainty",NA,NA,NA,NA,"E: Uncertainty","E: Uncertainty",NA,"E: Uncertainty","E: Uncertainty","E: Uncertainty",NA,NA,NA,NA,NA,NA,NA,NA
"2022-09-27 19:00:00","PM10",NA,1213.1934,0,199.8816,1973.1179,123.3305,342.043,90.1274,1.3229,NA,8.2785,688.9176,0,0,14.4375,21.2681,0,0,0.5913,0,8.1681,2.071,0,0,0,9.5989,NA,NA,0,0,NA,0,5.7,0,0,0,0,0,7.7036,0,"E: Uncertainty",NA,NA,NA,NA,NA,NA,NA,NA,"E: Uncertainty",NA,NA,NA,NA,NA,NA,NA,NA,NA,NA,NA,NA,NA,NA,NA,NA,"E: Uncertainty","E: Uncertainty",NA,NA,"E: Uncertainty",NA,NA,NA,NA,NA,NA,NA,NA,NA
"2022-09-27 20:00:00","PM2.5",NA,249.0718,0,123.6521,768.7079,66.1562,124.8563,33.2422,0,0,2.4448,236.0687,0,0,3.3945,7.3151,0,0,0.9922,0,2.1391,NA,0,0,0,NA,NA,0,0,0,NA,NA,0,0,0,0,0,0,NA,0,"E: Uncertainty",NA,NA,NA,NA,NA,NA,NA,NA,NA,NA,NA,NA,NA,NA,NA,NA,NA,NA,NA,NA,"E: Uncertainty",NA,NA,NA,"E: Uncertainty","E: Uncertainty",NA,NA,NA,"E: Uncertainty","E: Uncertainty",NA,NA,NA,NA,NA,NA,"E: Uncertainty",NA
"2022-09-27 21:00:00","PM10",867.2727,968.0683,0,202.9851,2064.4037,118.9136,297.3539,74.3601,0.8445,NA,6.1269,533.234,0,0,6.3541,12.2061,0,0,1.037,0,4.6175,2.0584,0,NA,0,12.8355,0,0,NA,NA,0,0,0,0,0,0,0,0,0,0,NA,NA,NA,NA,NA,NA,NA,NA,NA,"E: Uncertainty",NA,NA,NA,NA,NA,NA,NA,NA,NA,NA,NA,NA,NA,"E: Uncertainty",NA,NA,NA,NA,"E: Uncertainty","E: Uncertainty",NA,NA,NA,NA,NA,NA,NA,NA,NA,NA
"2022-09-27 22:00:00","PM2.5",NA,NA,0,116.9017,614.5364,45.9119,74.286,19.3062,0,NA,1.3557,148.5875,NA,0,2.6903,100.8486,0,0,NA,NA,2.2281,NA,0,0,0,NA,NA,NA,0,0,0,NA,0,0,0,0,0,0,0,0,"E: Uncertainty","E: Uncertainty",NA,NA,NA,NA,NA,NA,NA,"E: Uncertainty",NA,NA,"E: Uncertainty",NA,NA,NA,NA,NA,"E: Uncertainty","E: Uncertainty",NA,"E: Uncertainty",NA,NA,NA,"E: Uncertainty","E: Uncertainty","E: Uncertainty",NA,NA,NA,"E: Uncertainty",NA,NA,NA,NA,NA,NA,NA,NA
"2022-09-27 23:00:00","PM10",NA,501.6918,0,184.8335,1787.0343,94.7451,182.4089,39.0787,0,NA,3.0331,301.656,NA,0,1.7144,80.9971,0,0,NA,0,3.5063,NA,0,0,0,0,NA,0,NA,NA,NA,NA,0,0,0,0,0,0,4.9841,0,"E: Uncertainty",NA,NA,NA,NA,NA,NA,NA,NA,"E: Uncertainty",NA,NA,"E: Uncertainty",NA,NA,NA,NA,NA,"E: Uncertainty",NA,NA,"E: Uncertainty",NA,NA,NA,NA,"E: Uncertainty",NA,"E: Uncertainty","E: Uncertainty","E: Uncertainty","E: Uncertainty",NA,NA,NA,NA,NA,NA,NA,NA
"2022-09-28 00:30:00","PM2.5",NA,0,0,94.5157,426.5916,28.5484,46.8346,10.8069,0,0,0,72.8766,0,0,1.1068,7.826,0,0,0.9425,0,NA,NA,0,0,0,21.0921,NA,0,0,0,NA,0,NA,0,0,0,0,0,3.4989,0,"E: Uncertainty",NA,NA,NA,NA,NA,NA,NA,NA,NA,NA,NA,NA,NA,NA,NA,NA,NA,NA,NA,"E: Uncertainty","E: Uncertainty",NA,NA,NA,NA,"E: Uncertainty",NA,NA,NA,"E: Uncertainty",NA,"E: Uncertainty",NA,NA,NA,NA,NA,NA,NA
"2022-09-28 01:00:00","PM10",738.5869,NA,0,136.9328,1233.6282,63.7734,107.4063,20.5951,0,0,1.1994,145.8134,0,0.0065,0.9458,3.6538,0,0,NA,0,2.458,NA,0,0,0,NA,NA,NA,0,NA,0,NA,0,0,0,0,0,0,1.0854,0,NA,"E: Uncertainty",NA,NA,NA,NA,NA,NA,NA,NA,NA,NA,NA,NA,NA,NA,NA,NA,"E: Uncertainty",NA,NA,"E: Uncertainty",NA,NA,NA,"E: Uncertainty","E: Uncertainty","E: Uncertainty",NA,"E: Uncertainty",NA,"E: Uncertainty",NA,NA,NA,NA,NA,NA,NA,NA
"2022-09-28 02:00:00","PM2.5",NA,0,0,111.1442,227.2641,17.4309,17.2133,3.492,0,0,NA,30.5604,0,0,NA,2.5276,0,0,NA,NA,NA,NA,0,0,0,NA,0,NA,0,0,NA,0,0,0,0,0,0,0,0,0,"E: Uncertainty",NA,NA,NA,NA,NA,NA,NA,NA,NA,"E: Uncertainty",NA,NA,NA,"E: Uncertainty",NA,NA,NA,"E: Uncertainty","E: Uncertainty","E: Uncertainty","E: Uncertainty",NA,NA,NA,"E: Uncertainty",NA,"E: Uncertainty",NA,NA,"E: Uncertainty",NA,NA,NA,NA,NA,NA,NA,NA,NA
"2022-09-28 03:00:00","PM10",0,NA,0,161.1204,965.6324,56.5417,66.4765,9.3626,0,NA,NA,77.6015,0,0,0.6107,2.0662,0,0,NA,0,2.1326,NA,0,0,0,14.4343,NA,NA,0,0.1408,NA,NA,0,0,0,0,0,0,NA,0,NA,"E: Uncertainty",NA,NA,NA,NA,NA,NA,NA,"E: Uncertainty","E: Uncertainty",NA,NA,NA,NA,NA,NA,NA,"E: Uncertainty",NA,NA,"E: Uncertainty",NA,NA,NA,NA,"E: Uncertainty","E: Uncertainty",NA,NA,"E: Uncertainty","E: Uncertainty",NA,NA,NA,NA,NA,NA,"E: Uncertainty",NA
"2022-09-28 04:00:00","PM2.5",644.6819,0,0,141.4637,159.1554,26.0334,14.8491,2.062,0,NA,NA,33.0753,NA,0,0.8951,2.0615,0,0,0.996,0,0.948,NA,0,0,0,13.8636,0,NA,0,NA,NA,NA,0,0,0,0,0,0,NA,0,NA,NA,NA,NA,NA,NA,NA,NA,NA,"E: Uncertainty","E: Uncertainty",NA,"E: Uncertainty",NA,NA,NA,NA,NA,NA,NA,NA,"E: Uncertainty",NA,NA,NA,NA,NA,"E: Uncertainty",NA,"E: Uncertainty","E: Uncertainty","E: Uncertainty",NA,NA,NA,NA,NA,NA,"E: Uncertainty",NA
"2022-09-28 05:00:00","PM10",0,0,0,269.6363,697.0201,46.8555,54.1466,4.7979,0,NA,0.9264,155.1823,0,0,6.6436,5.069,0,0,0.668,NA,1.2839,NA,0,0,0,11.216,NA,0,0,NA,NA,NA,2.9193,0,0,0,0,0,1.0076,0,NA,NA,NA,NA,NA,NA,NA,NA,NA,"E: Uncertainty",NA,NA,NA,NA,NA,NA,NA,NA,NA,"E: Uncertainty",NA,"E: Uncertainty",NA,NA,NA,NA,"E: Uncertainty",NA,NA,"E: Uncertainty","E: Uncertainty","E: Uncertainty",NA,NA,NA,NA,NA,NA,NA,NA
"2022-09-28 06:00:00","PM2.5",NA,0,0,115.7722,116.2986,21.1426,23.2457,4.0779,0,NA,1.0851,226.3951,NA,0,21.7178,17.0415,0,0,0.7968,0,NA,NA,0,0,0,13.3015,0,NA,0,0,NA,NA,11.2594,0,0,0,0,0,1.6987,0,"E: Uncertainty",NA,NA,NA,NA,NA,NA,NA,NA,"E: Uncertainty",NA,NA,"E: Uncertainty",NA,NA,NA,NA,NA,NA,NA,"E: Uncertainty","E: Uncertainty",NA,NA,NA,NA,NA,"E: Uncertainty",NA,NA,"E: Uncertainty","E: Uncertainty",NA,NA,NA,NA,NA,NA,NA,NA
"2022-09-28 07:00:00","PM10",NA,0,0,180.069,805.3893,78.8168,185.3593,7.4558,0,2.089,5.4621,427.1572,0,0,18.2358,40.5877,0,0,1.7944,NA,1.8714,NA,0,5.4202,0,NA,NA,NA,0,NA,0,0,8.9457,0,0,0,0,0,13.7314,0,"E: Uncertainty",NA,NA,NA,NA,NA,NA,NA,NA,NA,NA,NA,NA,NA,NA,NA,NA,NA,NA,"E: Uncertainty",NA,"E: Uncertainty",NA,NA,NA,"E: Uncertainty","E: Uncertainty","E: Uncertainty",NA,"E: Uncertainty",NA,NA,NA,NA,NA,NA,NA,NA,NA,NA
"2022-09-28 08:00:00","PM2.5",NA,0,NA,173.8414,279.9578,64.2522,54.6889,2.3358,0,NA,5.1495,181.7976,0,NA,23.1906,81.609,0,0,2.9438,NA,5.3991,NA,0,0,0,11.5632,NA,NA,0,NA,0,NA,NA,0,0,0,0,0,47.968,0,"E: Uncertainty",NA,"E: Uncertainty",NA,NA,NA,NA,NA,NA,"E: Uncertainty",NA,NA,NA,"E: Uncertainty",NA,NA,NA,NA,NA,"E: Uncertainty",NA,"E: Uncertainty",NA,NA,NA,NA,"E: Uncertainty","E: Uncertainty",NA,"E: Uncertainty",NA,"E: Uncertainty","E: Uncertainty",NA,NA,NA,NA,NA,NA,NA
"2022-09-28 09:00:00","PM10",NA,NA,0,213.6637,751.124,86.5297,230.4831,12.0638,0,1.2113,8.5079,415.9415,0,NA,14.792,61.8037,0,0,4.4358,0,3.4398,NA,0,0,0,11.5898,NA,NA,0,NA,0.0198,NA,4.3105,0,0,0,0,0,17.4931,2.581,"E: Uncertainty","E: Uncertainty",NA,NA,NA,NA,NA,NA,NA,NA,NA,NA,NA,"E: Uncertainty",NA,NA,NA,NA,NA,NA,NA,"E: Uncertainty",NA,NA,NA,NA,"E: Uncertainty","E: Uncertainty",NA,"E: Uncertainty",NA,"E: Uncertainty",NA,NA,NA,NA,NA,NA,NA,NA
"2022-09-28 10:00:00","PM2.5",NA,0,0,148.2226,84.411,29.7627,35.9818,1.2668,0,NA,2.113,73.8737,NA,0.0052,6.1568,23.7575,0,0,0.6346,0,NA,0,0,0,0,NA,0,NA,0,0,0,0,NA,0,NA,0,0,0,2.1251,NA,"E: Uncertainty",NA,NA,NA,NA,NA,NA,NA,NA,"E: Uncertainty",NA,NA,"E: Uncertainty",NA,NA,NA,NA,NA,NA,NA,"E: Uncertainty",NA,NA,NA,NA,"E: Uncertainty",NA,"E: Uncertainty",NA,NA,NA,NA,"E: Uncertainty",NA,"E: Uncertainty",NA,NA,NA,NA,"E: Uncertainty"
"2022-09-28 11:00:00","PM10",NA,NA,0,177.4758,316.4067,46.1941,152.9393,3.6762,0,NA,2.0106,176.7041,NA,0,7.1057,47.1095,0,0,1.0239,0,0.8877,NA,0,0,0,NA,NA,NA,0,0,NA,NA,NA,0,0,0,0,0,1.4618,3.2561,"E: Uncertainty","E: Uncertainty",NA,NA,NA,NA,NA,NA,NA,"E: Uncertainty",NA,NA,"E: Uncertainty",NA,NA,NA,NA,NA,NA,NA,NA,"E: Uncertainty",NA,NA,NA,"E: Uncertainty","E: Uncertainty","E: Uncertainty",NA,NA,"E: Uncertainty","E: Uncertainty","E: Uncertainty",NA,NA,NA,NA,NA,NA,NA
"2022-09-28 12:00:00","PM2.5",0,0,0,223.3041,44.2663,30.0073,34.3096,1.6105,0,NA,1.6012,74.8459,0,NA,4.5514,103.2941,0,0,0.9113,0,0.864,NA,0,0,0,12.0919,0,0,0,NA,NA,NA,0,0,NA,0,0,0,0,15.4297,NA,NA,NA,NA,NA,NA,NA,NA,NA,"E: Uncertainty",NA,NA,NA,"E: Uncertainty",NA,NA,NA,NA,NA,NA,NA,"E: Uncertainty",NA,NA,NA,NA,NA,NA,NA,"E: Uncertainty","E: Uncertainty","E: Uncertainty",NA,NA,"E: Uncertainty",NA,NA,NA,NA,NA
"2022-09-28 13:00:00","PM10",611.0944,1.1438,0,218.4105,212.3896,36.5628,129.6221,5.7111,0,NA,1.43,162.8143,NA,NA,6.0082,43.8769,0,0,NA,0,1.3605,NA,0,0,0,14.5501,0.1076,NA,0,NA,NA,0,NA,0,0,0,0,0,1.249,4.7863,NA,NA,NA,NA,NA,NA,NA,NA,NA,"E: Uncertainty",NA,NA,"E: Uncertainty","E: Uncertainty",NA,NA,NA,NA,"E: Uncertainty",NA,NA,"E: Uncertainty",NA,NA,NA,NA,NA,"E: Uncertainty",NA,"E: Uncertainty","E: Uncertainty",NA,"E: Uncertainty",NA,NA,NA,NA,NA,NA,NA
"2022-09-28 14:00:00","PM2.5",NA,0,NA,482.017,0,27.9529,46.8513,1.6863,0,NA,1.4088,118.6577,NA,0.6216,8.475,84.5414,0,0,1.1687,0,1.627,NA,0,0,0,9.5754,0,0,0,NA,NA,NA,3.1374,0,0,0,0,0,1.2711,32.6618,"E: Uncertainty",NA,"E: Uncertainty",NA,NA,NA,NA,NA,NA,"E: Uncertainty",NA,NA,"E: Uncertainty",NA,NA,NA,NA,NA,NA,NA,NA,"E: Uncertainty",NA,NA,NA,NA,NA,NA,NA,"E: Uncertainty","E: Uncertainty","E: Uncertainty",NA,NA,NA,NA,NA,NA,NA,NA
"2022-09-28 15:00:00","PM10",0,NA,0,1044.1422,NA,57.8001,269.1168,7.7941,0,1.632,3.592,339.7141,0,0.9296,11.2479,67.7833,0,0,1.4717,1.4274,1.3486,NA,0,0,0,18.338,0,0,0,NA,0,NA,4.9501,0,0,0,0,0,3.5017,31.3796,NA,"E: Uncertainty",NA,NA,"E: Uncertainty",NA,NA,NA,NA,NA,NA,NA,NA,NA,NA,NA,NA,NA,NA,NA,NA,"E: Uncertainty",NA,NA,NA,NA,NA,NA,NA,"E: Uncertainty",NA,"E: Uncertainty",NA,NA,NA,NA,NA,NA,NA,NA
"2022-09-28 16:00:00","PM2.5",0,0,0,484.2635,0,34.1241,41.4533,1.8554,NA,NA,0.9685,112.4827,NA,NA,4.9651,11.7634,0,0,NA,NA,1.3685,NA,0,0,0,NA,0,0,0,0,0,0,NA,0,0,0,0,0,5.4376,0,NA,NA,NA,NA,NA,NA,NA,NA,"E: Uncertainty","E: Uncertainty",NA,NA,"E: Uncertainty","E: Uncertainty",NA,NA,NA,NA,"E: Uncertainty","E: Uncertainty",NA,"E: Uncertainty",NA,NA,NA,"E: Uncertainty",NA,NA,NA,NA,NA,NA,"E: Uncertainty",NA,NA,NA,NA,NA,NA,NA
"2022-09-28 17:00:00","PM10",NA,NA,0,440.6214,90.0927,47.1676,167.5006,7.3935,1.7743,NA,1.941,285.089,0,0.6809,15.3007,21.8469,0,0,0.6902,0.7673,2.1606,NA,0,0,NA,12.8949,NA,NA,0,NA,0,NA,4.8813,0,0,0,0,0,7.0726,0,"E: Uncertainty","E: Uncertainty",NA,NA,NA,NA,NA,NA,NA,"E: Uncertainty",NA,NA,NA,NA,NA,NA,NA,NA,NA,NA,NA,"E: Uncertainty",NA,NA,"E: Uncertainty",NA,"E: Uncertainty","E: Uncertainty",NA,"E: Uncertainty",NA,"E: Uncertainty",NA,NA,NA,NA,NA,NA,NA,NA
"2022-09-28 18:00:00","PM2.5",NA,1.6079,NA,297.6396,0,39.9556,31.7851,2.0536,NA,NA,0.9218,109.5194,0,0.6457,15.2625,45.3533,0,0,1.2604,0.7086,1.081,NA,0,0,0,15.0338,NA,0,0,0,NA,NA,NA,0,0,0,0,0,15.8763,0,"E: Uncertainty",NA,"E: Uncertainty",NA,NA,NA,NA,NA,"E: Uncertainty","E: Uncertainty",NA,NA,NA,NA,NA,NA,NA,NA,NA,NA,NA,"E: Uncertainty",NA,NA,NA,NA,"E: Uncertainty",NA,NA,NA,"E: Uncertainty","E: Uncertainty","E: Uncertainty",NA,NA,NA,NA,NA,NA,NA
"2022-09-28 19:00:00","PM10",0,NA,NA,252.2253,280.1909,62.7101,156.0839,10.0394,NA,0.6678,3.1754,350.2283,0,0.5199,37.722,49.4867,0,0,1.5428,NA,3.5237,NA,0,0,0,10.8177,NA,0,0,NA,NA,0,7.4411,0,0,0,0,0,14.932,0,NA,"E: Uncertainty","E: Uncertainty",NA,NA,NA,NA,NA,"E: Uncertainty",NA,NA,NA,NA,NA,NA,NA,NA,NA,NA,"E: Uncertainty",NA,"E: Uncertainty",NA,NA,NA,NA,"E: Uncertainty",NA,NA,"E: Uncertainty","E: Uncertainty",NA,NA,NA,NA,NA,NA,NA,NA,NA
"2022-09-28 20:00:00","PM2.5",NA,0,NA,110.9393,36.9358,52.8384,14.553,NA,0,NA,NA,102.798,0.004,0,5.1689,8.8035,0,0,0,0,1.295,NA,0,0,0,NA,0,NA,0,NA,0,NA,NA,0,NA,0,0,0,4.7591,0,"E: Uncertainty",NA,"E: Uncertainty",NA,NA,NA,NA,"E: Uncertainty",NA,"E: Uncertainty","E: Uncertainty",NA,NA,NA,NA,NA,NA,NA,NA,NA,NA,"E: Uncertainty",NA,NA,NA,"E: Uncertainty",NA,"E: Uncertainty",NA,"E: Uncertainty",NA,"E: Uncertainty","E: Uncertainty",NA,"E: Uncertainty",NA,NA,NA,NA,NA
"2022-09-28 21:00:00","PM10",NA,0,0,156.1153,337.4893,87.4323,105.5518,6.6047,0,NA,1.4507,246.842,0,0,10.501,14.0876,0,0,1.1393,0,1.3119,NA,0,0,0,NA,NA,NA,0,0,NA,NA,7.3418,0,0,0,0,0,3.3821,0,"E: Uncertainty",NA,NA,NA,NA,NA,NA,NA,NA,"E: Uncertainty",NA,NA,NA,NA,NA,NA,NA,NA,NA,NA,NA,"E: Uncertainty",NA,NA,NA,"E: Uncertainty","E: Uncertainty","E: Uncertainty",NA,NA,"E: Uncertainty","E: Uncertainty",NA,NA,NA,NA,NA,NA,NA,NA
"2022-09-28 22:00:00","PM2.5",NA,0,0,114.283,22.4438,51.6544,11.052,1.4512,0,NA,0,56.8251,NA,NA,2.5636,9.2044,0,0,1.6137,0,NA,0,0,0,0,14.304,NA,NA,0,NA,NA,NA,0,0,0.0032,0,NA,0,0.8796,0,"E: Uncertainty",NA,NA,NA,NA,NA,NA,NA,NA,"E: Uncertainty",NA,NA,"E: Uncertainty","E: Uncertainty",NA,NA,NA,NA,NA,NA,"E: Uncertainty",NA,NA,NA,NA,NA,"E: Uncertainty","E: Uncertainty",NA,"E: Uncertainty","E: Uncertainty","E: Uncertainty",NA,NA,NA,NA,"E: Uncertainty",NA,NA,NA
"2022-09-28 23:00:00","PM10",NA,0,0,117.3593,296.0996,62.7179,43.8539,1.8264,0,0,NA,66.397,NA,0,1.8999,5.6936,NA,0,0.9204,0,1.3786,NA,0,0,0,25.3969,NA,NA,0,NA,NA,NA,0,0,0,0,0,0,NA,0,"E: Uncertainty",NA,NA,NA,NA,NA,NA,NA,NA,NA,"E: Uncertainty",NA,"E: Uncertainty",NA,NA,NA,"E: Uncertainty",NA,NA,NA,NA,"E: Uncertainty",NA,NA,NA,NA,"E: Uncertainty","E: Uncertainty",NA,"E: Uncertainty","E: Uncertainty","E: Uncertainty",NA,NA,NA,NA,NA,NA,"E: Uncertainty",NA
"2022-09-29 00:30:00","PM2.5",NA,0,0,102.3373,NA,26.314,NA,NA,0,0,0,13.8339,0,0,NA,2.1257,0,0,0,NA,NA,NA,0,0,0,26.0849,0,NA,NA,0,0,0,0,0,0,0,0,0,0,0,"E: Uncertainty",NA,NA,NA,"E: Uncertainty",NA,"E: Uncertainty","E: Uncertainty",NA,NA,NA,NA,NA,NA,"E: Uncertainty",NA,NA,NA,NA,"E: Uncertainty","E: Uncertainty","E: Uncertainty",NA,NA,NA,NA,NA,"E: Uncertainty","E: Uncertainty",NA,NA,NA,NA,NA,NA,NA,NA,NA,NA,NA
"2022-09-29 01:00:00","PM10",NA,0,NA,117.919,59.5834,36.7002,13.726,NA,0,0,0,19.0056,0,0,0.5309,1.598,0,0,0.4629,0,0.8836,NA,0,0,0,NA,0,0,0,0,0,NA,0,0,0,0,0,0,0,0,"E: Uncertainty",NA,"E: Uncertainty",NA,NA,NA,NA,"E: Uncertainty",NA,NA,NA,NA,NA,NA,NA,NA,NA,NA,NA,NA,NA,"E: Uncertainty",NA,NA,NA,"E: Uncertainty",NA,NA,NA,NA,NA,"E: Uncertainty",NA,NA,NA,NA,NA,NA,NA,NA
"2022-09-29 02:00:00","PM2.5",1163.7995,0,0,115.7846,0,27.4415,2.7167,0,0,0,0,7.8487,0,0,0.5082,4.7272,0,0,0.6185,NA,0.6139,NA,0,0,NA,NA,NA,NA,0,0,0,NA,0,0,0,0,0,0,NA,0,NA,NA,NA,NA,NA,NA,NA,NA,NA,NA,NA,NA,NA,NA,NA,NA,NA,NA,NA,"E: Uncertainty",NA,"E: Uncertainty",NA,NA,"E: Uncertainty","E: Uncertainty","E: Uncertainty","E: Uncertainty",NA,NA,NA,"E: Uncertainty",NA,NA,NA,NA,NA,NA,"E: Uncertainty",NA
"2022-09-29 03:00:00","PM10",NA,0,NA,281.3525,58.2961,47.9281,28.6864,1.5715,NA,NA,NA,44.67,0,NA,5.7907,18.9133,0,0,1.7473,NA,1.5338,NA,0,0,0,14.636,NA,NA,0,0,NA,NA,NA,0,0,0,0,0,1.218,0,"E: Uncertainty",NA,"E: Uncertainty",NA,NA,NA,NA,NA,"E: Uncertainty","E: Uncertainty","E: Uncertainty",NA,NA,"E: Uncertainty",NA,NA,NA,NA,NA,"E: Uncertainty",NA,"E: Uncertainty",NA,NA,NA,NA,"E: Uncertainty","E: Uncertainty",NA,NA,"E: Uncertainty","E: Uncertainty","E: Uncertainty",NA,NA,NA,NA,NA,NA,NA
"2022-09-29 04:00:00","PM2.5",0,0,NA,358.5758,0,30.3542,39.9165,NA,0,0,NA,40.2677,0,0,3.652,27.7453,0,0,1.0734,NA,1.3451,0,0,0,0,14.5887,0,NA,0,NA,NA,NA,NA,0,0,0,0,0,2.2027,0,NA,NA,"E: Uncertainty",NA,NA,NA,NA,"E: Uncertainty",NA,NA,"E: Uncertainty",NA,NA,NA,NA,NA,NA,NA,NA,"E: Uncertainty",NA,NA,NA,NA,NA,NA,NA,"E: Uncertainty",NA,"E: Uncertainty","E: Uncertainty","E: Uncertainty","E: Uncertainty",NA,NA,NA,NA,NA,NA,NA
"2022-09-29 05:00:00","PM10",700.6114,0,0,392.0106,177.0414,42.4939,58.846,9.9064,0,NA,NA,98.7957,0,NA,3.8977,135.8918,0,0,1.116,0,1.278,NA,0,NA,NA,11.3024,NA,NA,0,0,NA,NA,NA,0,0,0,0,0,0,40.1958,NA,NA,NA,NA,NA,NA,NA,NA,NA,"E: Uncertainty","E: Uncertainty",NA,NA,"E: Uncertainty",NA,NA,NA,NA,NA,NA,NA,"E: Uncertainty",NA,"E: Uncertainty","E: Uncertainty",NA,"E: Uncertainty","E: Uncertainty",NA,NA,"E: Uncertainty","E: Uncertainty","E: Uncertainty",NA,NA,NA,NA,NA,NA,NA
"2022-09-29 06:00:00","PM2.5",NA,0,0,270.9043,0,18.3823,19.8425,1.4661,0,NA,8.1054,116.5882,NA,NA,5.1215,26.8232,0,0,0.6133,0,0.7596,NA,0,0,0,NA,NA,NA,0,0,NA,NA,NA,0,0,0,0,0,0.8789,9.7679,"E: Uncertainty",NA,NA,NA,NA,NA,NA,NA,NA,"E: Uncertainty",NA,NA,"E: Uncertainty","E: Uncertainty",NA,NA,NA,NA,NA,NA,NA,"E: Uncertainty",NA,NA,NA,"E: Uncertainty","E: Uncertainty","E: Uncertainty",NA,NA,"E: Uncertainty","E: Uncertainty","E: Uncertainty",NA,NA,NA,NA,NA,NA,NA
"2022-09-29 07:00:00","PM10",NA,0,0,251.1096,567.7994,64.346,128.0642,5.6105,NA,1.1002,7.8388,481.6799,NA,0,15.9501,28.5452,0,0,0.5643,NA,1.1958,NA,0,NA,0,11.8037,NA,NA,0,0,NA,NA,8.3783,0,0,0,0,0,5.9033,0,"E: Uncertainty",NA,NA,NA,NA,NA,NA,NA,"E: Uncertainty",NA,NA,NA,"E: Uncertainty",NA,NA,NA,NA,NA,NA,"E: Uncertainty",NA,"E: Uncertainty",NA,"E: Uncertainty",NA,NA,"E: Uncertainty","E: Uncertainty",NA,NA,"E: Uncertainty","E: Uncertainty",NA,NA,NA,NA,NA,NA,NA,NA
"2022-09-29 08:00:00","PM2.5",NA,0,0,330.4016,43.4097,33.7051,34.8638,7.7742,NA,0,1.1377,99.783,0,0,4.4652,30.1406,0,0,1.4663,NA,0.6222,NA,0,0,0,10.2946,0,0,0,NA,NA,NA,NA,0,0,0,0,0,17.5668,0,"E: Uncertainty",NA,NA,NA,NA,NA,NA,NA,"E: Uncertainty",NA,NA,NA,NA,NA,NA,NA,NA,NA,NA,"E: Uncertainty",NA,"E: Uncertainty",NA,NA,NA,NA,NA,NA,NA,"E: Uncertainty","E: Uncertainty","E: Uncertainty","E: Uncertainty",NA,NA,NA,NA,NA,NA,NA
"2022-09-29 09:00:00","PM10",0,0,0,560.4396,275.9201,74.9021,136.031,9.9971,0,0.8987,3.4626,292.5304,0,NA,9.1374,18.5022,0,0,0,NA,1.7898,NA,0,0,0,11.4221,0,0,0,NA,NA,NA,NA,0,0,0,0,0,3.9539,0,NA,NA,NA,NA,NA,NA,NA,NA,NA,NA,NA,NA,NA,"E: Uncertainty",NA,NA,NA,NA,NA,"E: Uncertainty",NA,"E: Uncertainty",NA,NA,NA,NA,NA,NA,NA,"E: Uncertainty","E: Uncertainty","E: Uncertainty","E: Uncertainty",NA,NA,NA,NA,NA,NA,NA
"2022-09-29 10:00:00","PM2.5",NA,0,0,678.0501,0,58.2721,52.3758,4.2816,0,NA,2.1104,113.9466,0,NA,3.7776,19.4339,0,0,2.3412,0,2.2001,NA,0,0,0,9.1606,0.0328,NA,0,0,NA,0,NA,0,0,0,0,0,15.1336,0,"E: Uncertainty",NA,NA,NA,NA,NA,NA,NA,NA,"E: Uncertainty",NA,NA,NA,"E: Uncertainty",NA,NA,NA,NA,NA,NA,NA,"E: Uncertainty",NA,NA,NA,NA,NA,"E: Uncertainty",NA,NA,"E: Uncertainty",NA,"E: Uncertainty",NA,NA,NA,NA,NA,NA,NA
"2022-09-29 11:00:00","PM10",0,NA,0,950.8274,0,99.9101,266.7842,15.5172,NA,NA,5.4265,301.5017,0,0,7.5567,28.4082,0,0,3.5063,NA,2.8635,NA,0,NA,0,NA,0,NA,0,0,NA,0,NA,0,0,0,0,0,26.6171,0,NA,"E: Uncertainty",NA,NA,NA,NA,NA,NA,"E: Uncertainty","E: Uncertainty",NA,NA,NA,NA,NA,NA,NA,NA,NA,"E: Uncertainty",NA,"E: Uncertainty",NA,"E: Uncertainty",NA,"E: Uncertainty",NA,"E: Uncertainty",NA,NA,"E: Uncertainty",NA,"E: Uncertainty",NA,NA,NA,NA,NA,NA,NA
"2022-09-29 12:00:00","PM2.5",NA,NA,0,711.6525,0,74.5937,74.1932,7.0641,0,NA,5.4328,122.6654,0,0,3.6257,21.0304,0,0,0.895,0.4205,3.3632,NA,0,0,0,NA,0,NA,0,NA,0,NA,0,0,0,0,0,0,5.8686,0,"E: Uncertainty","E: Uncertainty",NA,NA,NA,NA,NA,NA,NA,"E: Uncertainty",NA,NA,NA,NA,NA,NA,NA,NA,NA,NA,NA,"E: Uncertainty",NA,NA,NA,"E: Uncertainty",NA,"E: Uncertainty",NA,"E: Uncertainty",NA,"E: Uncertainty",NA,NA,NA,NA,NA,NA,NA,NA
"2022-09-29 13:00:00","PM10",NA,NA,0,848.4373,34.2825,104.0466,282.7683,10.802,NA,0.8398,5.7882,363.5611,NA,NA,10.201,12.8077,0,0,1.7975,NA,3.2153,NA,0,0,0,NA,0,NA,0,NA,NA,NA,3.6457,0,0,0,NA,0,5.8639,0,"E: Uncertainty","E: Uncertainty",NA,NA,NA,NA,NA,NA,"E: Uncertainty",NA,NA,NA,"E: Uncertainty","E: Uncertainty",NA,NA,NA,NA,NA,"E: Uncertainty",NA,"E: Uncertainty",NA,NA,NA,"E: Uncertainty",NA,"E: Uncertainty",NA,"E: Uncertainty","E: Uncertainty","E: Uncertainty",NA,NA,NA,NA,"E: Uncertainty",NA,NA,NA
"2022-09-29 14:00:00","PM2.5",NA,NA,0,432.7258,0,61.9355,46.9878,2.571,0,0,1.3061,123.4736,0,0,3.9232,7.301,0,0,1.1687,0,2.1344,0,0,0,0,NA,0,0,0,0,0,NA,NA,0,0,0,0,0,2.1658,0,"E: Uncertainty","E: Uncertainty",NA,NA,NA,NA,NA,NA,NA,NA,NA,NA,NA,NA,NA,NA,NA,NA,NA,NA,NA,NA,NA,NA,NA,"E: Uncertainty",NA,NA,NA,NA,NA,"E: Uncertainty","E: Uncertainty",NA,NA,NA,NA,NA,NA,NA
"2022-09-29 15:00:00","PM10",676.6958,NA,0,310.2582,293.3234,65.0015,198.8726,6.1138,0,0.8574,2.9151,309.7071,0,NA,11.6491,11.5012,0,0,0.6731,NA,1.7761,NA,0,0,0,14.0485,NA,NA,0,NA,0,NA,NA,0,0,0,0,0,2.4081,0,NA,"E: Uncertainty",NA,NA,NA,NA,NA,NA,NA,NA,NA,NA,NA,"E: Uncertainty",NA,NA,NA,NA,NA,"E: Uncertainty",NA,"E: Uncertainty",NA,NA,NA,NA,"E: Uncertainty","E: Uncertainty",NA,"E: Uncertainty",NA,"E: Uncertainty","E: Uncertainty",NA,NA,NA,NA,NA,NA,NA
"2022-09-29 16:00:00","PM2.5",976.9764,0,0,254.837,0,45.4248,43.5172,2.403,0,NA,1.5396,162.353,0,NA,8.1173,23.5887,0,0,1.5246,NA,2.0555,NA,0,0,0,12.5703,NA,0,0,NA,0,NA,3.5881,0,0,0,0,0,2.8545,0,NA,NA,NA,NA,NA,NA,NA,NA,NA,"E: Uncertainty",NA,NA,NA,"E: Uncertainty",NA,NA,NA,NA,NA,"E: Uncertainty",NA,"E: Uncertainty",NA,NA,NA,NA,"E: Uncertainty",NA,NA,"E: Uncertainty",NA,"E: Uncertainty",NA,NA,NA,NA,NA,NA,NA,NA
"2022-09-29 17:00:00","PM10",NA,NA,0,331.3255,174.6818,101.3643,238.0497,10.5329,0,2.4671,4.1998,548.7141,0,NA,18.7496,37.45,0,0,1.2635,0.6297,2.2959,1.6103,0,NA,0,17.2518,0,0,0,NA,0,0,8.1864,0,0,0,0,0,1.9475,0,"E: Uncertainty","E: Uncertainty",NA,NA,NA,NA,NA,NA,NA,NA,NA,NA,NA,"E: Uncertainty",NA,NA,NA,NA,NA,NA,NA,NA,NA,"E: Uncertainty",NA,NA,NA,NA,NA,"E: Uncertainty",NA,NA,NA,NA,NA,NA,NA,NA,NA,NA
"2022-09-29 18:00:00","PM2.5",NA,0,0,275.8226,20.1657,97.3115,40.2762,1.4269,0,NA,1.8062,233.2638,0,NA,9.2512,37.8516,0,0,1.1357,NA,1.6939,NA,NA,0,0,NA,0,NA,0,NA,NA,NA,3.4697,0,0,0,0,0,3.3241,0,"E: Uncertainty",NA,NA,NA,NA,NA,NA,NA,NA,"E: Uncertainty",NA,NA,NA,"E: Uncertainty",NA,NA,NA,NA,NA,"E: Uncertainty",NA,"E: Uncertainty","E: Uncertainty",NA,NA,"E: Uncertainty",NA,"E: Uncertainty",NA,"E: Uncertainty","E: Uncertainty","E: Uncertainty",NA,NA,NA,NA,NA,NA,NA,NA
"2022-09-29 19:00:00","PM10",NA,NA,0,302.8289,376.0355,177.0531,201.8045,18.5435,0,3.688,7.1235,982.2192,0,NA,30.6013,53.7471,0,0,1.9303,0.6332,3.1062,NA,0,NA,0,NA,NA,NA,0,NA,0,NA,18.7441,0,0,0,0,0,5.3708,0,"E: Uncertainty","E: Uncertainty",NA,NA,NA,NA,NA,NA,NA,NA,NA,NA,NA,"E: Uncertainty",NA,NA,NA,NA,NA,NA,NA,"E: Uncertainty",NA,"E: Uncertainty",NA,"E: Uncertainty","E: Uncertainty","E: Uncertainty",NA,"E: Uncertainty",NA,"E: Uncertainty",NA,NA,NA,NA,NA,NA,NA,NA
"2022-09-29 20:00:00","PM2.5",NA,0,0,255.4312,144.9018,120.4017,36.5617,2.7833,0,0.6768,3.2013,221.9019,0,NA,7.2394,29.8489,0,0,1.1045,NA,3.2716,0,0,0,0,16.2052,NA,NA,0,0,NA,NA,NA,0,0,0,0,0,5.8326,0,"E: Uncertainty",NA,NA,NA,NA,NA,NA,NA,NA,NA,NA,NA,NA,"E: Uncertainty",NA,NA,NA,NA,NA,"E: Uncertainty",NA,NA,NA,NA,NA,NA,"E: Uncertainty","E: Uncertainty",NA,NA,"E: Uncertainty","E: Uncertainty","E: Uncertainty",NA,NA,NA,NA,NA,NA,NA
"2022-09-29 21:00:00","PM10",660.9885,NA,0,360.9964,1554.2608,155.4704,223.4185,6.0633,NA,0.628,11.4591,409.0783,0,NA,9.4496,24.7399,0,0,0.4345,NA,5.9694,2.0084,0,0,0,19.5231,NA,NA,0,NA,0,NA,3.0475,0,0,0,0,0,8.7213,0,NA,"E: Uncertainty",NA,NA,NA,NA,NA,NA,"E: Uncertainty",NA,NA,NA,NA,"E: Uncertainty",NA,NA,NA,NA,NA,"E: Uncertainty",NA,NA,NA,NA,NA,NA,"E: Uncertainty","E: Uncertainty",NA,"E: Uncertainty",NA,"E: Uncertainty",NA,NA,NA,NA,NA,NA,NA,NA
"2022-09-29 22:00:00","PM2.5",NA,0,0,300.8971,161.9331,97.676,33.4402,2.0575,NA,NA,6.2028,170.7665,NA,0,5.866,44.4596,0,0,1.3057,NA,4.3379,0,0,0,0,NA,0,0,0,0,0,NA,NA,0,0,0,0,0,6.6666,0,"E: Uncertainty",NA,NA,NA,NA,NA,NA,NA,"E: Uncertainty","E: Uncertainty",NA,NA,"E: Uncertainty",NA,NA,NA,NA,NA,NA,"E: Uncertainty",NA,NA,NA,NA,NA,"E: Uncertainty",NA,NA,NA,NA,NA,"E: Uncertainty","E: Uncertainty",NA,NA,NA,NA,NA,NA,NA
"2022-09-29 23:00:00","PM10",NA,NA,0,313.5817,687.5371,142.3487,151.7193,12.0749,NA,1.1375,6.6433,493.0446,NA,0,17.3322,23.1496,0,0,2.9116,NA,5.3481,NA,0,0,0,NA,NA,0,0,NA,NA,NA,8.4918,0,0,0,NA,0,5.6359,0,"E: Uncertainty","E: Uncertainty",NA,NA,NA,NA,NA,NA,"E: Uncertainty",NA,NA,NA,"E: Uncertainty",NA,NA,NA,NA,NA,NA,"E: Uncertainty",NA,"E: Uncertainty",NA,NA,NA,"E: Uncertainty","E: Uncertainty",NA,NA,"E: Uncertainty","E: Uncertainty","E: Uncertainty",NA,NA,NA,NA,"E: Uncertainty",NA,NA,NA
"2022-09-30 00:30:00","PM2.5",NA,0,NA,239.8538,38.9998,109.1905,16.1988,2.8821,NA,NA,1.67,135.0309,0,NA,4.1934,13.3241,0,0,2.2947,NA,3.6115,0,0,0,0,29.7362,NA,0,0,NA,NA,NA,0.0723,0,0,0,0,0,7.4458,0,"E: Uncertainty",NA,"E: Uncertainty",NA,NA,NA,NA,NA,"E: Uncertainty","E: Uncertainty",NA,NA,NA,"E: Uncertainty",NA,NA,NA,NA,NA,"E: Uncertainty",NA,NA,NA,NA,NA,NA,"E: Uncertainty",NA,NA,"E: Uncertainty","E: Uncertainty","E: Uncertainty",NA,NA,NA,NA,NA,NA,NA,NA
"2022-09-30 01:00:00","PM10",NA,NA,0,317.5461,388.3214,152.8971,109.3288,7.0166,0,0.6138,4.3371,337.3563,NA,0,8.3317,16.7159,0,0,4.154,NA,5.3796,NA,0,NA,0,10.4393,NA,0,0,NA,NA,NA,3.6529,0,0,0,0,0,8.3818,0,"E: Uncertainty","E: Uncertainty",NA,NA,NA,NA,NA,NA,NA,NA,NA,NA,"E: Uncertainty",NA,NA,NA,NA,NA,NA,"E: Uncertainty",NA,"E: Uncertainty",NA,"E: Uncertainty",NA,NA,"E: Uncertainty",NA,NA,"E: Uncertainty","E: Uncertainty","E: Uncertainty",NA,NA,NA,NA,NA,NA,NA,NA
"2022-09-30 02:00:00","PM2.5",NA,0,0,260.9846,10.3458,118.966,17.3158,1.9025,NA,NA,1.6576,117.323,0,0.0103,2.8076,13.5403,0,0,3.4043,NA,5.0372,0,0,0,0,11.8658,0,NA,0,0,NA,NA,NA,0,0,0,0,0,10.8524,0,"E: Uncertainty",NA,NA,NA,NA,NA,NA,NA,"E: Uncertainty","E: Uncertainty",NA,NA,NA,NA,NA,NA,NA,NA,NA,"E: Uncertainty",NA,NA,NA,NA,NA,NA,NA,"E: Uncertainty",NA,NA,"E: Uncertainty","E: Uncertainty","E: Uncertainty",NA,NA,NA,NA,NA,NA,NA
"2022-09-30 03:00:00","PM10",NA,0,0,300.8508,241.1405,160.3003,85.0316,4.9549,NA,NA,4.0463,344.8187,0,0,6.7913,18.4898,0,0,2.6646,NA,5.7701,NA,0,0,NA,13.4879,0,NA,0,0,NA,NA,6.5199,0,0,0,0,0,11.7746,0,"E: Uncertainty",NA,NA,NA,NA,NA,NA,NA,"E: Uncertainty","E: Uncertainty",NA,NA,NA,NA,NA,NA,NA,NA,NA,"E: Uncertainty",NA,"E: Uncertainty",NA,NA,"E: Uncertainty",NA,NA,"E: Uncertainty",NA,NA,"E: Uncertainty","E: Uncertainty",NA,NA,NA,NA,NA,NA,NA,NA
"2022-09-30 04:00:00","PM2.5",NA,0,0,274.7079,0,113.1886,12.7216,NA,NA,NA,2.0265,114.258,NA,NA,3.3617,13.8386,0,0,4.1721,NA,5.2336,NA,0,0,0,NA,0,NA,0,NA,NA,0,NA,0,0,0,0,0,9.7707,0,"E: Uncertainty",NA,NA,NA,NA,NA,NA,"E: Uncertainty","E: Uncertainty","E: Uncertainty",NA,NA,"E: Uncertainty","E: Uncertainty",NA,NA,NA,NA,NA,"E: Uncertainty",NA,"E: Uncertainty",NA,NA,NA,"E: Uncertainty",NA,"E: Uncertainty",NA,"E: Uncertainty","E: Uncertainty",NA,"E: Uncertainty",NA,NA,NA,NA,NA,NA,NA
"2022-09-30 05:00:00","PM10",NA,0,0,392.7856,290.5377,132.6496,91.7692,4.9941,0,NA,5.3667,345.0013,0,0,13.8075,15.7873,0,0,3.3334,NA,8.7448,NA,0,0,0,19.9292,NA,NA,0,NA,NA,NA,4.5759,0,0,0,0,0,9.7537,0,"E: Uncertainty",NA,NA,NA,NA,NA,NA,NA,NA,"E: Uncertainty",NA,NA,NA,NA,NA,NA,NA,NA,NA,"E: Uncertainty",NA,"E: Uncertainty",NA,NA,NA,NA,"E: Uncertainty","E: Uncertainty",NA,"E: Uncertainty","E: Uncertainty","E: Uncertainty",NA,NA,NA,NA,NA,NA,NA,NA
"2022-09-30 06:00:00","PM2.5",0,0,0,332.0446,0,106.8061,7.7631,6.3403,NA,NA,1.0658,81.4816,0,0,4.8354,13.7671,0,0,1.6701,0,5.8568,NA,0,0,0,13.4985,NA,0,0,0,NA,0,NA,0,0,0,0,0,13.5413,0,NA,NA,NA,NA,NA,NA,NA,NA,"E: Uncertainty","E: Uncertainty",NA,NA,NA,NA,NA,NA,NA,NA,NA,NA,NA,"E: Uncertainty",NA,NA,NA,NA,"E: Uncertainty",NA,NA,NA,"E: Uncertainty",NA,"E: Uncertainty",NA,NA,NA,NA,NA,NA,NA
"2022-09-30 07:00:00","PM10",NA,0,0,543.4722,59.9497,155.8193,68.1937,9.2376,NA,NA,1.7006,232.5001,0,NA,7.5865,16.5154,0,0,2.0449,NA,6.8016,NA,0,0,0,17.6842,0,NA,0,NA,NA,0,4.0218,0,0,0,0,0,10.791,0,"E: Uncertainty",NA,NA,NA,NA,NA,NA,NA,"E: Uncertainty","E: Uncertainty",NA,NA,NA,"E: Uncertainty",NA,NA,NA,NA,NA,"E: Uncertainty",NA,"E: Uncertainty",NA,NA,NA,NA,NA,"E: Uncertainty",NA,"E: Uncertainty","E: Uncertainty",NA,NA,NA,NA,NA,NA,NA,NA,NA
"2022-09-30 08:00:00","PM2.5",NA,0,0,566.0312,0,161.7031,13.3909,4.1484,0,0.0059,NA,80.0666,0,NA,4.2596,16.7861,0,0,2.6504,0.6022,3.8344,0,0,0,0,17.0732,NA,NA,0,0,NA,0,NA,0,0,0,0,0,14.3713,0,"E: Uncertainty",NA,NA,NA,NA,NA,NA,NA,NA,NA,"E: Uncertainty",NA,NA,"E: Uncertainty",NA,NA,NA,NA,NA,NA,NA,NA,NA,NA,NA,NA,"E: Uncertainty","E: Uncertainty",NA,NA,"E: Uncertainty",NA,"E: Uncertainty",NA,NA,NA,NA,NA,NA,NA
"2022-09-30 09:00:00","PM10",NA,NA,0,799.3867,39.0001,218.6061,170.8909,10.1806,NA,0.67,2.1358,253.1496,0,NA,7.8004,25.297,0,0,1.6337,NA,12.9102,NA,0,0,0,NA,0,0,0,0,NA,NA,NA,0,0,0,0,0,9.8776,0,"E: Uncertainty","E: Uncertainty",NA,NA,NA,NA,NA,NA,"E: Uncertainty",NA,NA,NA,NA,"E: Uncertainty",NA,NA,NA,NA,NA,"E: Uncertainty",NA,"E: Uncertainty",NA,NA,NA,"E: Uncertainty",NA,NA,NA,NA,"E: Uncertainty","E: Uncertainty","E: Uncertainty",NA,NA,NA,NA,NA,NA,NA
"2022-09-30 10:00:00","PM2.5",1266.8917,0,0,374.1387,0,91.7385,49.6727,2.155,0,NA,NA,71.7931,0,NA,2.5452,18.6359,0,0,2.0594,NA,6.1567,0,0,0,0,NA,NA,NA,0,NA,NA,NA,NA,0,NA,0,0,0,5.3774,0,NA,NA,NA,NA,NA,NA,NA,NA,NA,"E: Uncertainty","E: Uncertainty",NA,NA,"E: Uncertainty",NA,NA,NA,NA,NA,"E: Uncertainty",NA,NA,NA,NA,NA,"E: Uncertainty","E: Uncertainty","E: Uncertainty",NA,"E: Uncertainty","E: Uncertainty","E: Uncertainty","E: Uncertainty",NA,"E: Uncertainty",NA,NA,NA,NA,NA
"2022-09-30 11:00:00","PM10",NA,NA,0,408.8078,478.8848,108.955,346.0925,6.4212,NA,NA,1.2055,190.4317,NA,NA,7.1634,12.5836,0,0,1.1625,NA,4.156,1.5679,0,0,0,14.9147,0,NA,0,0,NA,NA,NA,0,0,0,0,0,5.0961,0,"E: Uncertainty","E: Uncertainty",NA,NA,NA,NA,NA,NA,"E: Uncertainty","E: Uncertainty",NA,NA,"E: Uncertainty","E: Uncertainty",NA,NA,NA,NA,NA,"E: Uncertainty",NA,NA,NA,NA,NA,NA,NA,"E: Uncertainty",NA,NA,"E: Uncertainty","E: Uncertainty","E: Uncertainty",NA,NA,NA,NA,NA,NA,NA
"2022-09-30 12:00:00","PM2.5",NA,0,0,290.7599,NA,47.1143,31.4755,0,NA,0,0,33.9765,0,NA,1.7854,12.4839,0,0,6.9941,0,3.4383,NA,0,0,0,NA,0,0,0,NA,NA,0,0,NA,NA,0,0,0,4.031,0,"E: Uncertainty",NA,NA,NA,"E: Uncertainty",NA,NA,NA,"E: Uncertainty",NA,NA,NA,NA,"E: Uncertainty",NA,NA,NA,NA,NA,NA,NA,"E: Uncertainty",NA,NA,NA,"E: Uncertainty",NA,NA,NA,"E: Uncertainty","E: Uncertainty",NA,NA,"E: Uncertainty","E: Uncertainty",NA,NA,NA,NA,NA
"2022-09-30 13:00:00","PM10",NA,0,0,304.1622,123.9709,74.3477,89.7701,1.4306,NA,NA,NA,72.3976,NA,0.006,2.2014,7.6022,0,0,2.0249,NA,3.1659,0.0025,0,0,0,18.0154,0,NA,0,NA,NA,NA,0,0,0,0,0,0,3.0477,0,"E: Uncertainty",NA,NA,NA,NA,NA,NA,NA,"E: Uncertainty","E: Uncertainty","E: Uncertainty",NA,"E: Uncertainty",NA,NA,NA,NA,NA,NA,"E: Uncertainty",NA,NA,NA,NA,NA,NA,NA,"E: Uncertainty",NA,"E: Uncertainty","E: Uncertainty","E: Uncertainty",NA,NA,NA,NA,NA,NA,NA,NA
"2022-09-30 14:00:00","PM2.5",826.2469,0,0,228.5485,0,34.0646,17.3313,0,NA,NA,0,22.426,0,NA,0.7727,4.303,0,0,0.8459,0,2.6745,NA,0,0,0,14.9116,NA,NA,0,NA,0,NA,NA,0,0,0,0,0,1.6363,0,NA,NA,NA,NA,NA,NA,NA,NA,"E: Uncertainty","E: Uncertainty",NA,NA,NA,"E: Uncertainty",NA,NA,NA,NA,NA,NA,NA,"E: Uncertainty",NA,NA,NA,NA,"E: Uncertainty","E: Uncertainty",NA,"E: Uncertainty",NA,"E: Uncertainty","E: Uncertainty",NA,NA,NA,NA,NA,NA,NA
"2022-09-30 15:00:00","PM10",NA,0,0,144.5405,109.4132,55.69,34.3868,1.5392,0,0.0041,NA,43.2719,NA,0,2.0827,3.8159,0,0,0,0,1.6263,NA,0,0,0,9.9717,NA,NA,0,NA,NA,NA,0,0,0,0,0,0,1.2867,0,"E: Uncertainty",NA,NA,NA,NA,NA,NA,NA,NA,NA,"E: Uncertainty",NA,"E: Uncertainty",NA,NA,NA,NA,NA,NA,NA,NA,"E: Uncertainty",NA,NA,NA,NA,"E: Uncertainty","E: Uncertainty",NA,"E: Uncertainty","E: Uncertainty","E: Uncertainty",NA,NA,NA,NA,NA,NA,NA,NA
"2022-09-30 16:00:00","PM2.5",NA,0,NA,86.7839,34.0347,28.3177,7.5575,0,NA,0,0,14.9004,0,0,0.8341,2.7387,0,0,NA,NA,1.7133,NA,0,0,0,NA,NA,0,0,0,NA,NA,NA,0,0,0,0,0,NA,0,"E: Uncertainty",NA,"E: Uncertainty",NA,NA,NA,NA,NA,"E: Uncertainty",NA,NA,NA,NA,NA,NA,NA,NA,NA,"E: Uncertainty","E: Uncertainty",NA,"E: Uncertainty",NA,NA,NA,"E: Uncertainty","E: Uncertainty",NA,NA,NA,"E: Uncertainty","E: Uncertainty","E: Uncertainty",NA,NA,NA,NA,NA,"E: Uncertainty",NA
"2022-09-30 17:00:00","PM10",NA,0,NA,76.8607,103.4993,32.9258,20.2398,0,0,NA,0,51.6043,0,0,1.8805,1.9927,0,0,0.521,0,0.9739,NA,0,0,0,NA,0.0598,0.0359,0,NA,0,NA,NA,0,0,0,0,0,0,0,"E: Uncertainty",NA,"E: Uncertainty",NA,NA,NA,NA,NA,NA,"E: Uncertainty",NA,NA,NA,NA,NA,NA,NA,NA,NA,NA,NA,"E: Uncertainty",NA,NA,NA,"E: Uncertainty",NA,NA,NA,"E: Uncertainty",NA,"E: Uncertainty","E: Uncertainty",NA,NA,NA,NA,NA,NA,NA
"2022-09-30 18:00:00","PM2.5",668.956,0,0,30.2345,NA,14.0298,2.352,0,NA,0,0,26.8397,0,0,1.7612,2.1811,0,0,NA,0,NA,NA,0,0,0,9.9566,0,0,0,0,NA,0.1247,NA,0,0,0,0,0,0,0,NA,NA,NA,NA,"E: Uncertainty",NA,NA,NA,"E: Uncertainty",NA,NA,NA,NA,NA,NA,NA,NA,NA,"E: Uncertainty",NA,"E: Uncertainty","E: Uncertainty",NA,NA,NA,NA,NA,NA,NA,NA,"E: Uncertainty",NA,"E: Uncertainty",NA,NA,NA,NA,NA,NA,NA
"2022-09-30 19:00:00","PM10",NA,0,NA,87.8049,165.1246,60.0138,23.0404,2.3872,0,NA,NA,165.2484,0,0,15.3689,13.722,0,0,0.5514,0,0.6132,NA,0,0,0,10.2339,NA,NA,0,NA,0,NA,8.108,0,0,0,0,0,NA,0,"E: Uncertainty",NA,"E: Uncertainty",NA,NA,NA,NA,NA,NA,"E: Uncertainty","E: Uncertainty",NA,NA,NA,NA,NA,NA,NA,NA,NA,NA,"E: Uncertainty",NA,NA,NA,NA,"E: Uncertainty","E: Uncertainty",NA,"E: Uncertainty",NA,"E: Uncertainty",NA,NA,NA,NA,NA,NA,"E: Uncertainty",NA
"2022-09-30 20:00:00","PM2.5",742.073,0,NA,77.6147,204.8856,28.3559,12.502,1.8615,0,0,NA,95.8208,0,0,15.4895,7.8846,0,0,0.6995,0,NA,NA,0,0,0,9.136,NA,0,0,NA,0,NA,4.3969,0,0,0,0,0,0,0,NA,NA,"E: Uncertainty",NA,NA,NA,NA,NA,NA,NA,"E: Uncertainty",NA,NA,NA,NA,NA,NA,NA,NA,NA,"E: Uncertainty","E: Uncertainty",NA,NA,NA,NA,"E: Uncertainty",NA,NA,"E: Uncertainty",NA,"E: Uncertainty",NA,NA,NA,NA,NA,NA,NA,NA
"2022-09-30 21:00:00","PM10",NA,0,0,168.4595,1771.4222,108.1111,63.6656,NA,0,NA,NA,149.5541,NA,0,7.6214,3.439,0,0,0.7124,0,3.293,NA,0,0,0,15.9761,0,0,NA,0,NA,NA,3.6176,0,NA,0,0,0,0,0,"E: Uncertainty",NA,NA,NA,NA,NA,NA,"E: Uncertainty",NA,"E: Uncertainty","E: Uncertainty",NA,"E: Uncertainty",NA,NA,NA,NA,NA,NA,NA,NA,"E: Uncertainty",NA,NA,NA,NA,NA,NA,"E: Uncertainty",NA,"E: Uncertainty","E: Uncertainty",NA,NA,"E: Uncertainty",NA,NA,NA,NA,NA
